969899
240572
84416
649181
715661
988958
602276
999309
768284
142613
297857
724893
95280
49600
105256
334433
747261
546225
204951
929135
118761
485721
896025
140880
595672
600450
309202
787718
369975
183623
130493
844676
582299
464229
713314
668514
239020
92793
571162
412131
542938
855802
263449
217643
375265
593077
113862
86714
671485
305041
33624
292560
344808
605820
961263
820096
228328
3269
76049
599047
230608
968487
993972
229363
529306
395072
613171
489165
163602
842304
139974
162453
828540
906656
97208
627180
23065
172458
793208
203836
958393
455261
812959
480507
794495
470366
582056
702474
839861
634186
949677
842690
323328
437575
38535
154089
226667
717927
317764
845467