187033
194310
640214
537022
762083
577114
284144
905944
623155
509117
608722
221717
405636
678575
942015
161289
879488
505091
298402
472302
573976
487709
971688
80500
952934
706439
44557
204773
955391
52084
815229
838406
440072
240670
193969
889625
702114
306485
580104
865415
766508
61663
594454
229595
605145
960456
312582
469495
772978
912794
321061
465144
213703
854392
1911
970668
146480
299645
939675
889723
12613
678739
241054
555049
434727
991820
858826
406846
20884
200819
719757
305466
632181
823411
570465
211002
424783
393823
975736
115670
575974
811644
830504
924438
108667
112480
79765
445201
639984
863226
79899
771850
196867
209969
180442
121910
465340
587930
657045
625001