276194
242907
963634
955867
383297
503374
535949
8564
853280
413722
162716
905856
316856
9334
766963
571408
415777
587343
216186
741520
569034
67066
823354
590067
381993
769137
678917
964237
814089
770233
927980
484133
569359
96722
783557
318908
428942
283273
149861
667900
405838
241392
218786
847303
669585
958067
298314
411248
162144
276141
433272
920723
706184
895716
86921
814585
193057
779847
266094
333995
130176
347997
993109
604907
426114
197121
954437
792846
796626
603003
489141
709990
585956
723366
819312
376675
115130
249500
570280
817749
892613
234578
180109
808760
152555
964550
755911
377806
222009
31416
298745
615931
160878
218915
989415
752274
966966
417071
404196
509740