452728
200792
968955
19770
296336
881992
136092
166929
783770
177598
576843
312955
951536
281897
565728
392829
546264
842365
638905
536809
944971
885890
915828
738048
318530
911921
284808
804049
191100
205927
697496
585264
584384
720472
181565
221217
877965
321436
951394
547862
365628
803334
173300
869464
242410
840394
524863
14087
418320
958995
677183
963858
121975
692258
224360
379509
731111
309043
386308
23242
646741
897272
18972
424801
313918
125484
80297
132700
684409
706680
720808
545879
515233
444991
594411
630627
901902
758391
818030
793426
356329
739610
247959
802462
556754
142612
386322
928834
620663
163450
282766
413102
381584
521980
254563
953599
686738
144900
112501
160033