397888
43782
947201
650339
385899
668409
497428
496529
438554
482808
13047
810572
204259
765983
892066
335377
996112
353561
130373
279624
322448
970478
871492
863792
996066
784092
390581
114160
77451
497699
250863
180312
974613
879624
266177
980025
995867
354500
205115
159961
531724
171058
880204
201418
828194
704675
379856
997473
6208
653139
721303
381159
580485
240532
129528
893879
236034
56817
480161
549110
31667
829674
183603
468496
517208
250326
933147
45748
474794
956515
291594
728358
124477
913526
48908
597946
670521
728065
647680
677106
7141
880017
743705
293988
251074
463526
145705
895371
523258
791585
961274
414837
63011
137206
765342
674700
325519
959486
2995
328705