265776
986454
984723
423140
205923
427219
511050
834331
779129
855731
492918
367116
114419
525084
442371
965754
754358
88622
973845
364404
89027
830848
352456
948527
190187
413243
294533
887205
628927
582788
365919
265899
454789
237265
183844
786072
890372
218930
769840
966294
452607
216994
823986
678828
150415
199321
394861
286390
128144
865084
404985
605662
625184
712658
758063
417326
404387
450789
302257
266793
865368
646149
752778
855439
903523
696664
787449
409135
201566
447528
920499
28944
47589
25627
432696
178345
962168
758129
590024
141959
386730
362268
618460
502679
436396
945921
419023
427288
252713
742336
805098
825040
805201
917418
123154
249350
85346
234293
478321
749656
512633
837355
427897
748687
29479
926852
928697
419760
800367
635056
528269
969432
650217
986389
275357
692702
378030
426383
591562
661164
864021
38164
394059
428894
451989
230186
88266
196540
433346
375221
659765
460983
585251
608150
986341
296116
622474
748908
663887
59676
111141
106947
93984
501772
862192
744896
316367
962610
73399
631610
86046
590133
520983
998621
992727
282675
915373
129014
999270
367397
130372
754047
636274
862206
390943
210395
231488
536988
662103
519653
975584
889439
419847
591795
329943
581415
704774
825567
267451
843637
860057
481343
103898
849774
637619
335728
225439
85306
419871
292288
846667
292272
149071
819006
44194
657888
182363
310676
702254
533200
697765
733169
679683
117357
464856
196590
461728
223741
763648
425617
795506
456105
986081
447846
324511
866045
986844
204775
35443
437539
563659
205067
409721
549948
541928
786065
532387
907789
814585
27026
52737
293766
345270
866356
813826
900932
581348
515175
172137
930557
943108
830792
514025
604145
56365
916261
242162
731261
177998
845924
553064
499183
827365
81939
655868
206119
981303
843030
692894
246594
316395
414280
514123
775793
889377
145541
630563
129085
335096
676093
125601
253567
131094
744480
38763
120428
728907
794956
752926
330066
384393
475816
213867
896325
332853
39868
390136
501871
549476
603641
241602
353638
711575
199428
606605
135458
136333
563074
840516
454379
406255
640444
742596
607853
114230
866803
293402
460886
661098
375879
991592
715414
320846
429165
126823
878565
852019
521050
154555
792152
778679
811681
448903
672636
90197
766965
101293
228986
516412
143936
105545
575254
723156
749730
224061
335350
742868
723725
65215
549444
706013
444909
418572
734543
471223
550363
692470
726235
65574
965759
377574
734251
941138
295070
820364
381404
929911
394241
232134
363623
436456
462333
781908
768242
846089
523713
825807
18322
346119
746152
810728
872745
358696
642206
156823
904953
565974
835083
471082
407629
71836
735204
773471
726279
589114
169973
27389
611591
667230
736816
157820
298616
882411
408302
913432
670206
601096
708261
382934
42841
396901
599032
711386
824874
452455
72566
578752
540382
309677
321878
300825
486230
145519
284377
991772
595636
344938
294899
87879
918403
518825
563807
673704
496188
271866
204313
474669
310556
963760
573204
84245
412260
426971
760458
979215
302089
105144
165769
143137
126782
358570
233785
665931
277935
746520
584909
516661
537497
941053
974800
796902
329
552810
743246
173716
622514
556596
671869
864067
393482
192992
460183
496659
810693
191967
350771
412490
547543
915460
786933
482039
948295
548096
369922
314854
258283
778711
797914
816395
303285
510054
915178
407355
668870
10032
477425
862276
298700
575097
748108
647129
830177
214820
580502
839628
916489
86448
211656
201394
246014