7757
618059
412969
135017
873168
884891
63658
844565
412349
880817
619282
526303
250714
535656
171424
877383
712430
724615
646956
987016
672313
235968
842427
665075
453319
287975
206216
586180
29694
602403
968848
241523
796785
644554
988409
683771
950767
273462
725923
574880
84991
711000
94589
102259
954420
434894
537175
915659
485552
328204
577441
355340
16506
176608
264321
891453
440367
394860
381705
875260
394679
685106
31999
414720
890876
182243
218253
430144
809741
525331
347488
720011
502404
209097
156978
172736
331145
515831
425555
97065
360244
305563
973650
11949
564324
951159
878604
136171
860142
745024
535895
248638
987488
175407
182281
552204
765827
572802
763457
667005
535560
760781
576677
903747
656254
510586
947890
523028
778892
795121
313300
773686
235217
65524
466848
121342
294429
32277
407972
227715
225981
722863
178120
921955
76974
909251
309794
617131
823585
351058
28573
368224
88209
683992
146348
42330
927494
198244
663152
877486
291122
197778
455292
43429
627228
108994
69101
685756
767514
16068
562491
334392
663649
840248
540555
487895
766222
951744
16863
647090
838539
605337
498662
64652
779728
224641
742065
1684
595152
225001
952393
338000
996804
761276
815214
969750
242369
514309
635195
546151
728850
388683
32760
746549
545133
784378
102634
479670
657588
926255
673698
98836
653806
587819
326208
970098
1750
429506
120254
504638
595120
86789
568455
72473
950442
89653
246221
51383
797355
672580
574540
633177
960819
542925
733076
908804
372428
715632
365461
184494
767739
593516
724062
443013
127523
574887
168032
357302
203041
604067
476373
288157
528943
245394
266807
253298
172124
57610
921599
942063
90815
273051
813097
468160
385456
44850
294596
702274
911326
815417
876226
707057
692690
680722
240934
8879
329133
977483
272207
183915
117039
704106
63073
510564
922609
801310
954964
245833
937555
764615
15433
420255
324581
538446
5280
914070
416985
150367
808505
976795
575208
84024
502619
283007
22848
960638
732169
79037
985677
701452
814972
968475
239394
977308
58362
408769
735337
416586
91893
46880
318100
739002
633269
608879
674973
710322
995878
176505
564365
571840
819178
333157
58829
388478
957241
842419
8044
580695
196168
234156
178079
757900
487643
916382
555502
854866
683770
205495
118366
487684
337435
973162
970819
392074
992777
445036
114094
784423
531968
54663
283820
494690
567343
155325
222109
760387
572024
823280
472578
642094
427540
947703
287441
123545
333533
295876
518053
93081
572515
266505
423744
568324
451714
599796
178509
722206
854418
399740
481115
496026
224823
442319
81384
843996
483245
892666
223923
943797
322640
234958
980255
28907
572763
430667
191327
851064
834860
64012
274562
164960
387663
507829
463120
42340
444553
948772
139744
268944
202106
447637
803566
555298
761836
78803
865440
801098
929812
592178
905888
193042
102914
971685
249424
487180
935851
726284
710054
429451
249664
742638
144912
901825
690294
52989
16527
46528
974888
927431
508909
317108
173873
286734
868623
132645
368424
549977
549256
570197
195819
680714
426153
320595
249247
376029
818020
954031
34021
54766
302982
394362
198722
544374
348891
384908
57667
140225
591178
643503
181
16938
186245
350891
242532
808131
44401
594064
519951
539209
903527
394955
739050
997210
143190
994923
315017
52372
958599
136757
903348
408028
14799
188471
502461
748581
983734
86953
451383
279726
430249
244544
675836
210762
357886
757966
646342
815739
351238
486494
903634
328351