1386
680157
437058
598754
87658
286362
459132
17866
474113
1786
565848
981522
144460
201781
110785
764416
509177
415048
46584
552896
811917
93809
623764
483702
548177
40251
59335
169190
377930
272974
794115
149508
358688
813438
568046
299092
451398
599966
434393
333030
158841
495653
6530
208234
844642
146535
685185
395049
750755
267714
349294
706817
982253
787615
10276
618103
760471
164402
227347
776682
59037
103558
660633
720065
332058
851974
999149
644249
419686
221400
642358
440542
873529
502906
936848
115727
882856
474056
473757
141495
702237
771766
937977
240991
982294
6357
266695
613478
687397
126137
422757
622542
347676
706824
917386
528920
237405
36480
327160
935957
697811
94101
441772
233843
229589
778854
351897
478228
168862
36940
740658
819428
730071
854398
877478
810406
950254
436656
329740
664829
601380
279478
205513
810941
450912
250940
819708
892651
345474
250403
36392
706143
468485
487959
181554
428490
779841
936629
343518
894157
84225
49635
82259
605946
394313
406339
54239
628862
256165
553007
826012
508512
486273
938318
197638
880104
333258
508597
686113
489745
421891
224030
429334
936660
963130
484666
662714
563132
621057
213790
93461
568350
116104
136290
951565
603047
113664
610955
231966
813696
198160
228135
658911
548215
764899
268028
201397
709539
475467
29866
547702
49080
517194
988582
807321
529013
283165
713067
850271
250490
246495
488916
116546
344292
741044
628609
432628
651107
80510
523350
357290
980511
948768
593343
845548
230936
276588
427052
567461
677261
883320
565046
47580
288397
6877
580320
901198
24082
471300
334511
835159
678331
648441
548218
753832
986338
558760
113701
264960
392351
425964
899469
115432
87898
751200
148866
603662
672954
504716
958514
813067
67022
346415
737519
590268
102780
881429
994648
551978
571854
832820
278204
46147
360444
670749
602134
915779
711941
675930
231933
117946
584340
634901
275197
735867
532169
365638
124219
688531
535813
54246
431815
490186
725533
946957
966599
741121
3129
286372
390210
641515
151144
506876
726561
711754
137620
611375
51931
75411
973879
339982
724778
115261
663435
210998
295463
47989
492076
765524
88553
979889
152294
379267
334241
303687
969695
818547
640383
875736
804641
312299
542994
273160
39326
287774
850557
572156
428623
74922
506308
511479
492481
822886
732673
609282
558285
591774
293341
786776
523545
83852
811004
318837
902391
760529
212558
479498
743823
154968
538607
79374
565282
34915
550434
202431
532058
696266
795077
841107
731174
75176
48001
801631
537855
554940
342862
205503
753296
313630
119150
148449
404398
809453
371046
594761
839291
532987
64614
382774
26874
468980
505492
296365
774268
805075
785512
517671
913006
300836
914269
417852
372918
387645
750375
565569
462113
508558
387256
36948
602109
426887
219559
596143
229080
233286
518839
82240
565348
563338
980948
386056
489672
101102
372598
729530
790537
788825
100858
570719
673577
288990
256896
349037
512412
152099
444037
458218
481598
832065
490279
288586
891079
160822
966684
915565
753386
144727
285586
27967
358059
977560
36382
987442
402135
978407
131676
489592
531228
757436
282850
157570
982639
288547
301687
540627
390089
725108
733428
412886
709112
733478
366723
971745
652751
838713
237194
520663
989190
777858
843880
487658
546043
138450
431629
178744
790504
623308
357520
494586
410160
127450
755721
949038
406249
438924
942688
719819
829247
782583
263430
134431
436139
614304
369595
948526
229334
42874
241409
9285
49167