147760
429952
607228
445505
569709
861689
713416
424447
681286
824370
423205
675355
667649
528966
349576
850570
551085
640852
197253
192157
423745
207206
493181
952376
197306
184091
420862
580463
555366
277569
597194
687461
420397
40804
22071
419022
654253
427839
103851
15499
899755
294834
617901
19333
440563
660767
690775
801622
707561
892220
419194
822959
592159
360587
530829
318011
40448
535133
573017
898991
496815
921602
475857
910091
641656
733591
977776
233084
524994
692751
324464
643755
636343
893849
856210
749456
670844
242060
584009
999999
752688
572388
621411
257277
659082
194883
386945
933402
151461
274392
821031
762829
865411
149843
471679
860829
336707
425623
194832
838862
648134
426376
388104
396788
870201
396612
130734
992547
938615
647787
337950
901829
862332
708057
54518
223428
188251
413719
310127
160402
462073
796342
538338
212787
19599
565949
421199
754579
818685
968079
163205
835817
179330
801408
621162
950037
237829
422592
420590
938027
640655
636343
174666
160722
504722
471226
188309
567260
952880
975511
577848
308592
597006
332409
565841
102762
185749
790333
820930
644842
259982
131366
104247
972676
66237
659889
156735
849031
166869
983383
715823
901386
155436
178684
785284
472502
636736
289541
798673
878121
163198
485075
114620
42505
132769
623818
361332
288211
748195
414269
508027
393441
13538
840461
182613
898404
401044
29807
677788
41616
259896
280553
291822
637664
258161
537428
135652
669923
150194
206653
304509
364842
943989
835223
360154
38855
106448
844444
398900
64626
789271
203991
590950
890248
184126
660272
968173
163188
23015
891700
410320
660180
928202
753499
233733
904928
785807
595952
522008
67408
568146
492563
354640
981708
62131
98367
387529
893763
774491
773668
818352
856012
879354
554797
630128
522913
449643
530984
147930
469410
371026
195256
366530
53884
275589
377296
210873
277742
552158
437497
876639
55764
991160
503978
664724
804439
904134
668122
271351
279985
621500
219223
324619
153368
116898
195147
68624
896587
132399
753412
487929
172621
586105
125914
837975
70883
232155
210550
501146
210653
512852
174270
323549
946917
293611
794660
104171
656165
703680
650904
705922
354134
619018
690050
337178
703154
418480
140769
912798
803650
520407
224352
45175
32522
863973
621469
138741
590557
938088
193248
265452
351659
180411
26543
984119
68636
569969
475777
33059
983401
19161
507534
873402
413911
734322
319146
389461
945777
58831
898757
662970
443439
438670
921935
629543
213939
57580
138669
598602
305735
377450
194612
72109
105691
289287
651759
32776
109255
831094
826258
889043
982027
461222
944840
561970
805332
689207
36419
778271
704062
460883
921674
494088
891973
70473
640975
515696
537797
529646
669821
806186
754924
261967
310948
671259
448089
710898
723628
2653
712408
950518
153143
24272
973260
670293
57256
533995
79950
968779
991538
463195
121730
235801
311654
686386
821679
28667
978324
405000
982101
255200
9387
102140
604531
164820
413499
19287
988075
618670
761232
341254
321749
860735
901931
792302
29634
544134
718427
144192
402085
80242
226782
216018
851876
473027
774503
306055
471119
676965
568219
637431
432910
174118
270594
322292
181096
904434
946297
553233
282233
903070
208126
216119
275680
999495
16937
885012
850978
715373
222806
207793
206050
61687
599896
20139
495442
280317
823800
135901
864719
701225
567638
653497
685312
793662
652025
790817
253513
178265
974012
715208
397986
836652
761439
570489
152081
6089
551641
919517
890386