658910
825102
679463
74911
749579
288332
95004
930386
843379
341929
654441
394412
671817
271822
267869
327346
251659
263822
835550
660851
771674
282450
504610
203148
785895
783582
69671
996011
782987
773169
630464
548717
858569
233033
542356
673599
655802
474826
899800
578513
959281
554501
278095
333415
328255
482176
225416
821453
937408
596095
44944
809359
356927
134390
736031
827601
348307
734670
573663
137672
878306
318968
697116
182056
460710
580409
251527
561817
624026
77954
80221
767436
772964
766905
700965
600416
962529
645368
315960
466363
135784
80667
903178
494635
189818
294756
15809
745354
829167
433939
776897
601437
541945
625767
697862
811533
191119
434762
372442
549098
651898
168660
801723
283560
645868
558156
91224
221403
423544
435653
527669
568187
229195
172355
590862
886916
545277
798011
285251
383850
958569
923984
286057
39745
116034
817791
786490
122702
645706
236094
605398
768189
106331
913142
68818
992485
999249
922951
414230
717696
626982
486064
982927
129666
115186
175497
263768
964518
228148
891545
930675
125219
702693
421384
376590
366483
701376
876967
888213
654484
643039
813481
528684
207281
107292
370694
999485
152487
729223
350776
238188
200678
1587
748758
275256
726146
683982
885556
920997
171061
81970
958524
182825
744750
803847
520803
923376
976710
728734
128270
161588
800144
826886
151672
591750
492231
161596
541566
349586
977991
871801
155000
789815
716521
185462
105370
56224
631554
546029
480718
523137
322697
747776
690742
766284
99373
570506
649093
581386
216390
780119
975083
710423
58266
518753
407690
358368
918794
46689
664810
287278
453048
517929
51983
260006
840908
972348
227365
872361
194376
9528
663496
360435
765340
672875
511472
798888
66129
917349
769395
216352
102111
660079
884540
545700
533731
820422
177437
999796
734846
944439
766133
417429
394812
978529
990174
359494
523765
507924
686388
252075
463632
307978
52330
670953
781884
369644
248319
941141
730656
655298
335243
585427
290816
716991
622886
797481
688694
966494
12294
37943
672609
824928
455750
56032
767019
199534
229214
124518
183986
736088
314616
42564
64856
77714
823190
508737
249437
924316
56070
795626
825655
31559
494660
267851
299532
414347
740819
176827
343558
926923
185720
338535
730882
80239
976234
754617
243458
426933
669036
972484
54158
95247
815111
996730
326065
85446
601177
861981
546546
755769
589549
556426
419374
519662
544265
845612
975088
152044
308852
687710
927953
259558
709858
354274
207267
408244
500370
74669
21454
121805
428970
7632
775287
464611
622171
610093
653745
205798
602126
21189
710422
624315
426461
908530
854081
859494
633372
334117
213850
337675
902654
588927
981712
212683
602134
618006
980390
946392
679001
612037
885339
125358
676839
576697
241530
360476
11679
207708
158822
648845
24204
197340
844166
890493
740253
177251
934544
347347
718092
862847
931444
707814
838412
606018
905848
77553
401858
485884
42134
655505
438887
271352
519933
73973
708067
74576
694915
382518
461459
281073
532637
437658
689514
390053
773998
23850
222959
727641
366503
375949
765435
606028
282483
899309
658174
393171
963528
790934
936827
130533
279863
953557
30550
790440
74016
64239
274775
999988
70069
910079
261622
75050
172929
135835
935697
505747
956482
361738
258054
613903
445150
224509
207409
963292
130293
270569
865204
245147
531053
787645
339926
784212
508648
599472
326130
514735
973810
567991
164886
261144
588950
48456
374925
424774
559806
825047
757533
725813
635753