279041
177260
118707
103377
240882
956942
719985
289697
573780
235000
856013
282492
930741
391652
706148
694406
41020
454229
563399
65258
446590
479806
726806
727068
989091
950976
428966
363031
667639
529040
275080
730202
770119
642671
217686
40046
244062
555146
920420
46715
117920
749534
474426
979766
409536
698772
822691
76272
365845
346320
920398
616619
66297
913186
613517
49007
392225
968320
453183
999539
115385
51998
180029
707988
391067
525534
410486
703707
254715
735754
136165
341844
815668
28912
7783
156912
717642
626303
16702
858951
92795
882578
110011
196917
674673
987851
479148
844595
955094
745934
747462
926267
270979
663600
48670
792509
489373
219563
36036
180910
522374
846883
191212
952191
248429
858823
412002
179067
542400
275696
749945
483423
24069
269048
341436
166737
823193
729546
30226
859372
128976
286258
914482
126262
542770
957502
68201
709702
285083
497288
984598
864331
121404
416371
868233
545094
466117
603237
762940
45865
499741
447902
644282
54580
291949
380147
28041
990153
861311
773916
350422
917094
822429
240818
360942
295675
772094
438283
35626
318659
848349
651662
65933
609998
959793
574629
807997
616601
27195
908509
687054
111160
205478
628716
443586
842204
461337
25264
280521
516953
70246
914353
924959
983216
566330
739322
853225
688495
429563
631796
444668
237598
326961
887658
627464
144516
37939
727495
658787
679942
288712
657477
42069
52755
596595
224136
225661
31946
882297
465356
650068
514868
46772
899851
915030
478367
928914
468764
323061
211269
61355
445522
822686
719844
423888
963871
422440
722299
957441
479082
475808
704012
946346
173564
847637
92126
502535
45714
864148
726298
292589
179559
121532
451798
337010
482854
682210
841825
180809
2524
923194
767836
985503
778917
317587
779803
124819
84124
728102
32790
679887
804630
370606
801842
824440
674884
466007
464151
466491
45900
740446
195574
670215
881780
356583
528037
320212
717114
562868
344995
210082
379471
333043
854044
238181
383769
534738
568939
675700
39064
713846
357691
535643
473360
410481
169081
916043
978337
32685
136836
816695
303404
705623
378883
335951
787307
186882
958502
342555
505534
892585
154886
687273
933064
314366
402487
769999
974546
623886
1751
810274
597766
59385
978189
482642
721325
767899
272466
672945
453716
137101
781041
987704
258541
292330
635107
305891
129405
357238
504959
100926
398027
280568
647584
480436
370453
516929
877224
892285
588746
616066
631750
227621
149335
822915
832185
615173
174260
119907
288303
545723
227804
753268
990204
91692
198583
176715
743880
893984
925917
518776
258245
276714
639363
134059
971735
320178
101583
534163
618506
973380
197255
10517
777433
319694
594508
559281
421513
922673
20432
297549
790945
773774
638479
420452
750075
739738
993113
890339
156559
564573
995872
472100
670504
419599
467023
432756
862016
714696
818291
208832
437509
384925
564690
611599
898265
148861
487251
688136
969177
298509
433499
185278
691263
425356
938817
673833
158435
113115
79376
782087
497207
34936
226080
660455
837402
81336
659049
753221
702612
114819
323411
188698
461052
698147
359760
615702
220648
675443
426369
112111
826570
798777
245351
870371
425127
687629
251187
725169
394825
284580
697627
230085
313563
627822
87736
912895
30365
199554
331897
543297
840697
329047
609877
732182
226331
130155
515608
948165
613904
235252
697099
84974
130701
151080
868971
42342
391881
406691
771358
393461
940274
789663
376488
103611
78024
873992
403021
437445
478797