409223
596864
737714
963234
370441
747096
128437
719680
98727
196847
742721
639144
124722
426181
560625
68260
875361
788251
216206
101755
655129
252403
549581
521068
256181
62980
509545
965710
808931
235250
983688
868630
735674
662408
149530
930052
702071
491399
238078
678626
274751
340356
180286
974422
588069
876710
467258
145202
698978
252598
696648
815574
466248
902966
700531
388038
728708
251802
854164
565606
276931
943242
150367
267594
613759
316803
890879
783326
781272
979813
393891
32944
595312
495126
946053
360143
473375
398514
337621
368586
667666
987657
710974
931909
122355
583450
125639
656652
362517
254372
197012
758095
792000
315971
401333
520915
528417
270032
156093
259729
435689
231811
582870
969002
328065
308741
938717
657485
414224
840299
62563
699218
926096
886287
824701
401348
534227
859547
490279
388390
590001
739163
111803
333235
454767
871531
551053
27132
176872
969170
497356
774007
559868
550957
897057
618944
228586
732526
538113
976257
644547
971823
144084
809549
148116
102370
223410
634291
12058
745593
92698
262866
179616
983567
946850
392704
829975
994872
584224
850037
164924
208739
411619
544959
842788
416507
651702
967914
299157
194407
254636
363375
788660
938002
875996
553400
358047
786158
424653
751927
118002
721167
107190
610059
119670
171753
599483
163275
861522
516901
961440
313409
953231
991062
177515
971409
745409
625016
753428
11283
797558
21753
628656
741337
901303
963011
774589
685686
1960
69627
239869
87210
768706
997697
77251
692540
752110
942509
540460
60293
37498
543583
174852
845735
53605
636608
942270
258184
728203
681931
318396
161876
495855
114239
379924
96704
757677
304381
259294
832146
268977
301830
986302
935837
587855
35054
658746
237695
156319
187104
88385
1151
805227
535044
553835
74938
475297
144348
58622
292094
728699
443201
540469
907197
189190
866687
806994
918572
393487
457107
583345
709071
662553
534246
948911
557221
508704
308161
613076
219955
782894
97129
934114
968768
236303
634673
320651
173105
421288
802107
671730
767902
889018
6873
809375
716660
454568
341923
436634
887051
894977
607746
14447
593024
821767
256131
92284
425472
626626
323591
50338
893019
337445
462359
915179
825064
941632
248220
896114
451209
234577
46913
556092
564307
533415
854695
78872
198809
659647
693630
923240
811741
438973
338519
265439
40573
592611
379874
22557
730372
301643
886168
922492
72085
914378
218596
40196
374437
236467
872901
455252
203843
594472
575351
202455
369918
395815
243720
484911
508550
221528
839195
198252
820207
582918
581412
174955
858014
349278
476343
199320
128348
510969
615572
766523
666074
380684
245524
763279
677241
555453
176500
732972
803941
962876
703912
154735
559227
97357
847902
213802
4376
115543
382563
869563
796459
804915
822281
638092
321101
565455
260241
397538
743455
451548
712936
697605
459856
9734
414562
508457
613259
117660
326467
79726
47504
280577
979347
596924
318593
873926
649704
620377
155591
634045
787088
870940
69425
293762
554947
787071
644767
635605
325453
419462
418348
392596
977450
652268
146478
365060
886715
444086
695185
841625
569023
767173
748332
913540
39016
190010
22213
553699
81695
596152
699541
395196
798386
361432
351431
988996
985305
421904
702856
946265
130405
56543
215260
778134
72963
881557
609390
434151
660421
507263
132094
510392
58260
543842
582744
849193
721243
158886
858098
784680
418154
187495
48837
601757
117185
874789
926673
870927
985420
691056
997847
197326
233405
301349
166977