707478
489613
393428
872837
327621
432599
493427
463178
81887
396555
242818
547124
639550
593315
708737
714798
398443
405548
913230
545151
10370
310882
808117
319466
42438
8808
665577
605741
556795
116125
616642
48958
361011
117954
305183
914133
432303
613920
141526
672232
551035
282859
437727
193411
492400
404469
785616
917752
219920
222588
399073
710547
400371
912362
783606
977353
216978
422301
19154
13464
896179
2312
146123
493098
583017
800050
630048
465522
201165
510486
646836
218497
715820
697369
978421
893832
781214
70322
637765
795520
99152
697552
952475
917813
941029
861757
727918
338795
192967
25544
283573
774385
972182
162753
610436
768402
332469
533340
632688
706214
827591
832042
573387
82670
733670
524799
721838
229418
545080
101989
479377
12388
953118
923781
420655
847125
892686
310480
249122
747820
399440
539513
948250
25306
958356
450743
134146
679951
744363
433094
600540
497280
656700
668007
313764
347355
330860
639034
663164
213301
375456
81908
601490
30102
926096
745748
420182
501629
234312
563542
296046
682097
416803
88902
418683
257497
678765
346075
462120
143273
294766
561513
399473
226375
381641
597823
176021
823030
30060
294728
553995
697943
674963
336693
521403
296341
679703
713162
17643
177170
984802
314905
370201
503911
329372
718728
759611
848917
991781
752895
233944
497819
215854
6838
279455
902464
489873
51308
720599
924031
627868
768911
770508
32359
166171
859981
382092
683197
932930
285068
660304
682015
774259
132831
987684
461141
327911
160932
688184
846447
423871
47550
508336
70442
160947
212443
930218
500550
959465
919010
347234
794524
922350
252588
431616
969347
650389
485292
601621
175651
252186
283947
356775
806585
665283
195239
391100
938235
562174
850982
817123
998109
53384
376440
537560
988869
119551
555944
786917
556402
205375
412553
131876
684485
690579
992337
767140
822716
16456
308872
772557
810049
91335
599821
107675
43178
224266
275051
511473
957190
243439
194471
147889
35300
644343
203872
791839
245182
582396
178293
585799
11278
275746
174993
913602
575673
916178
681918
735969
874506
499526
362550
811386
862576
81734
144353
586295
555695
842675
975544
180160
928523
997055
83721
813840
205014
30233
109910
233774
9292
956477
62887
169866
306654
298193
641171
631528
57609
266853
103867
894223
32221
189860
536586
357924
287737
572274
54945
69262
399368
308341
215706
590766
652252
464973
664386
73401
52071
747789
838225
842752
192416
230091
364664
544536
728951
176088
648058
911725
453553
821936
21103
513423
736052
791617
752527
424732
406833
419418
148848
617203
990487
626755
965583
11056
568873
158290
352050
553224
451341
920787
593949
389362
260555
887876
989207
183311
4258
534857
295112
904132
196478
49923
318528
948645
116106
631635
386054
296533
846433
27239
627254
505411
826125
92347
231633
744873
260331
559784
98831
741357
889972
393831
591526
459811
297969
75852
421847
583440
143065
918263
54630
369473
455049
36011
394626
256696
399631
918231
939835
679621
726855
637463
29404
904506
453866
609785
292077
344047
201004
476460
909982
730403
999618
116143
852563
730337
320653
16458
806760
71582
534982
234697
132094
16166
9598
959643
803068
64269
568240
249982
966379
101280
100643
869502
436689
811102
691532
265256
182250
70314
758674
642080
610492
210686
338662
775353
253681
491621
839816
673591
276074
859470
293471
453466
76529
87241
378101
822041
144312
686109
265145
374517
240884
559193
641038
510500
926747
228468
96905