118097
343304
478807
993602
98750
645127
990342
766641
972852
909335
59186
598833
103093
315729
231980
753495
826906
367233
421694
986451
597354
31226
731406
605565
825194
547115
842570
881723
332575
198542
124770
250745
642249
763621
703101
551384
420955
802904
79616
881460
271558
422320
546925
522363
725813
657102
554858
781571
728043
162788
395211
533468
119776
470624
54953
700704
636368
667284
854865
911459
708844
992585
538432
92414
927685
513910
804927
812899
370001
732358
890949
782576
117514
703179
696311
23200
200011
11805
122996
884428
887377
736892
750031
254257
723073
353015
702444
26662
942878
378223
589103
132093
954971
455469
682075
210967
370852
471924
89238
315907
671399
266517
532242
865434
968265
453558
483513
439941
478097
899089
838834
910235
265507
426666
6165
819563
530463
400541
276685
901968
216738
936769
610661
112984
297
626543
518596
573089
779946
821114
547205
380003
637337
723913
990121
332828
859364
763074
834842
229196
23229
976303
630269
546000
332922
430104
913302
994948
365609
16654
68289
656109
137362
324158
9758
135740
929930
660306
876681
469168
633696
723482
5638
295090
456711
862690
810602
164623
725658
344671
838657
716570
161848
555493
193817
849797
453792
603926
725224
954278
167654
365214
861343
724259
37852
606379
738375
70202
462281
468001
318966
170523
590160
242429
526396
759861
735172
84703
29759
337484
972580
19971
207286
97633
686221
370005
987776
32997
519756
511431
724220
843189
656266
699594
989071
992007
601292
544523
197164
500418
676606
609225
260205
836630
245508
515613
55802
570268
285162
889618
354383
294601
297435
454621
988937
688903
706977
591084
475393
492487
833712
720345
995503
592572
246670
941783
639498
390077
807035
455134
72365
100617
990542
433524
335429
672347
142814
177793
324059
558008
165952
579018
592648
665418
760694
143650
529611
428817
755648
94478
618028
92904
243608
350676
451617
982044
214693
511480
411115
739063
126990
320564
422722
261190
387651
471997
18115
335143
30842
33686
994661
778990
973682
210500
334776
235357
107279
646820
685018
628712
137206
977037
618315
698857
526225
872561
106859
953429
111798
405204
118541
844148
971912
149320
16389
964664
894952
78898
488346
592325
372841
980816
63808
951818
381400
801777
883702
165547
337852
73974
282491
973799
532607
323319
913327
957154
20973
154125
601688
174231
430128
525391
848189
839837
387694
586420
917855
911677
310468
323236
750979
228261
105328
182367
509821
146267
929102
784784
435733
462548
530105
820390
832900
774141
851321
222187
417744
329030
513674
759323
977140
851112
517541
259498
263930
784679
1652
773741
324850
896959
180756
130380
3805
201610
646880
490033
192557
721755
63771
709774
511218
698080
910051
552133
492563
465626
333881
33413
17012
372375
370358
495802
699244
793367
742652
309101
162756
505994
218816
460373
655260
435306
28455
673655
255715
52545
156923
116872
2819
515825
429412
199423
635209
978748
173311
441407
275165
360949
904415
904278
310508
273955
921045
212743
933435
726404
909872
769001
280443
694604
668218
362970
884047
637554
829820
15949
194866
559986
44519
560155
261776
282618
407097
152931
268124
165768
56402
651902
513670
650586
773190
536176
604707
631646
93537
848720
68965
855219
924441
456321
347220
249552
899185
776101
130154
336560
742262
1311
306842
648818
727160
774218
370370
381353
905002
200122
986416
344695
158028
74151
572233
653770
289145
201212
156344
486652
297209
729545
493322
677870