731533
988287
646525
149906
188586
189820
764030
25640
240221
840170
850187
716250
267134
162717
329796
711427
513328
471280
642356
642821
877618
222601
285617
47025
447952
668296
475013
438620
364758
361706
64265
402310
538004
815056
76550
843812
462393
673672
180977
501101
876075
876523
715740
310772
290501
406137
407117
248673
482517
395994
762646
819668
884505
559785
227114
458259
434391
134456
581619
719988
854522
787750
738814
292951
516931
231009
41542
539406
22210
599269
407411
489389
370191
13238
178487
951403
132878
121514
333106
679663
353526
836469
795924
343050
990503
923487
942666
377827
600558
580792
37653
674353
613313
655903
265014
447427
987302
684769
218609
570570
257605
510950
201036
116458
986079
844729
448694
838901
407437
755844
447730
856145
627901
758560
834795
850973
77857
844085
986884
689970
45964
542899
296151
482500
29330
858309
298415
749334
322920
702633
278209
551554
741014
288659
708537
142270
614570
781608
900142
946825
240537
400569
532912
451618
772647
73465
321173
887301
137950
695864
924944
429051
939334
21492
360870
4754
461479
221105
589358
701378
836189
186417
658564
190455
142772
727050
771245
555519
720109
911036
907045
397510
249265
933172
180702
118556
229016
60584
945693
840232
311335
401119
763246
499277
589904
467762
748208
281955
341911
771024
476139
707611
911905
961314
590078
352692
396163
364581
480798
418360
537039
107070
930962
88044
768970
408787
411435
895640
671295
40366
797129
130774
177781
384253
630084
644431
768701
18726
699113
286434
528561
251998
628174
605648
391045
573741
369744
374480
112450
562625
984809
961133
515898
391022
857710
566247
330809
701793
541899
864979
515598
297159
761801
651221
296307
775880
706305
667593
279840
982576
641000
922992
907691
891756
39164
448899
204554
339194
885566
626312
245917
834565
542528
927090
19701
541804
584280
156644
389283
397420
303496
59340
678650
252067
172997
453632
995223
866927
405976
900870
781809
574033
899665
279875
246423
418429
270255
538794
257139
640096
390967
326431
8910
424896
830504
167124
270230
956284
855751
336444
299772
933350
210409
619372
586583
885798
710381
688304
412169
812734
807048
925121
858760
899699
661196
129747
295284
327148
943207
707009
561051
473652
529207
604308
36874
138331
498254
484494
544327
759635
352201
361516
546082
991316
177765
200836
433719
411515
549410
792251
784156
587160
332018
539686
341796
193406
183894
680676
140741
396651
483554
847695
619881
249698
607794
814121
803393
418896
973923
729550
620180
165687
25626
142364
217977
138706
389797
631828
691362
197691
760748
927682
987600
186678
678594
982107
880261
301570
260176
577099
807742
455879
113771
699702
62343
838553
122901
98226
285228
679039
519949
144460
473611
87280
686851
370107
738722
720167
418013
820008
866586
940955
959679
670473
328367
84482
361
397862
763029
418542
928502
150808
112252
400579
96437
878806
526068
868874
533776
200638
877357
878724
538727
957942
224370
996613
842444
892452
842622
999199
589354
909827
511024
88951
205522
948647
581807
934585
337442
560087
989794
71960
435278
921920
763799
459908
227398
159936
791390
275501
287162
530509
558014
354539
128276
229982
332417
35599
781629
339673
802557
549764
604362
689748
479659
513182
151043
230850
282796
525922
297164
839302
592359
358097
446777
349860
718005
713033
578934
9401
165137
97315
91704
475598
303727
898794
887898
946565
44217
376214
913206
586
907527
897884
405344
249482
439611
431866
441873
964827