463250
607675
503017
472963
930268
288633
871634
786260
856167
472048
516791
214375
164231
949735
596772
337765
459223
29435
375748
757536
755500
400038
987132
892244
906337
713892
225621
196335
671867
79707
77291
300847
633546
562893
45760
683473
839833
349719
587327
737750
150754
447532
129097
530126
738291
665327
211526
108799
95050
147265
270416
959718
205408
916346
453292
92795
241351
726225
651227
285340
259483
16257
619547
209930
896170
918148
659509
530344
984567
72202
837893
561924
350277
476929
132615
761645
781618
717875
209823
138375
316048
699857
761604
655265
535978
441341
463260
833876
525271
580536
645311
63641
501954
989831
717706
570402
913188
298549
232396
604241
955281
183527
225282
169529
64575
2881
139694
539007
914248
720375
200943
868992
847617
96127
585111
464162
480272
803961
105139
628126
411371
476540
423381
579917
598701
676473
992223
616715
972601
444920
22933
559601
290618
388784
787862
531786
67754
233400
472176
287748
656442
389698
608755
636873
195875
363149
853463
986670
202096
766361
487924
668289
28230
288017
573036
501061
288531
217910
118871
2931
610415
31175
985209
760136
755376
94349
481867
732150
232753
771752
799088
686870
19509
82713
465670
536227
894733
588526
6109
73833
199321
372543
847950
503969
539291
817688
316658
195187
65460
382692
247686
291970
482711
731706
344082
174346
868829
381510
912842
268064
715918
496335
24343
376852
346625
582431
456586
533504
2960
612785
9616
347983
457202
546992
905335
968388
952443
302102
24109
64640
644530
977318
671910
694875
487715
538767
420378
521023
683045
230105
317090
602720
391569
690567
424427
917654
403655
134127
212828
831655
851256
971750
807867
973250
851699
943307
470425
355146
179582
166516
975427
128999
677631
507376
746940
60068
137869
329852
706085
664763
811206
992153
793115
966815
536573
422767
36102
996731
719969
731479
856098
484386
39324
88931
22253
676070
802799
42834
300242
844978
346187
29779
373521
858092
719320
88668
59268
112608
181902
685081
189546
261468
705932
115487
783066
410309
764912
176036
294097
887032
179267
652701
792418
260421
682937
717905
901869
15693
177834
503299
204928
182509
350888
959216
606865
254997
442645
608351
845434
943446
476899
954581
930658
653860
187598
117385
804187
104185
212256
728142
918806
155015
860397
246673
756077
757757
911008
634696
523712
904687
444800
757444
404187
603018
675036
975510
762195
189052
104960
136061
660962
748688
110372
575872
886064
16986
222653
808205
430257
892204
970532
281402
53981
618653
128176
969075
103574
767920
612664
580163
242873
379452
75683
861652
133738
9187
442275
807582
387202
978865
263748
585055
299313
818847
772329
641246
984353
753723
951946
765020
523042
92663
772493
842566
654428
555440
974211
668520
357568
890227
434315
452379
392733
620724
199772
594588
501750
397869
728111
897480
503232
225320
742444
623337
960827
778107
377347
715152
451248
140292
969041
55242
713731
550156
926290
852697
123702
160401
607715
122687
817
396041
26721
749014
235160
224083
506986
805826
595298
536838
119483
655254
867975
894584
846249
834794
671669
73575
936639
901579
384809
221760
848539
210267
134391
937327
500041
67055
201805
254098
296335
824452
520126
343028
542067
259721
160702
720462
401190
14488
836799
891548
524331
963847
488166
651116
827957
130325
952772
714542
680128
161438
580623
957552
924398
449099
399405
306632
756403
684984
102878
240640
456965
18026
700296
939419
381030
8514
138785
346652
403516
257869
590466
801894
231172
933971
382275
440676
603770
408982
738787
261741
428514
879944
607002
616955
318257
151983
836923
892094
837143
729787
902896
315687
996571
985080
168063
158264
189850
446155
417905
65815
805686
190076
18745
908970
218662
908993
593208
323329
719121
469093
547025
66603
215347
684001
130177
424629
217748
584046
970301
161063
697703
678616
177367
924464
903010
580885
186048
601690
107404
892536
475827
837987
573327
430657
188765
831820
715175
719818
450999
556458
564494
169402
896401
760516
159093
509581
489493
456114
404826
868918
249552
115973
291777
342349
889024
469761
85847
20439
696700
615160
262268
229059
219777
140588
499297
163238
428784
94206
8367
189772
85503
927766
841245
840197
976385
994084
585210
919114
522607
783338
34082
212375
32790
846099
5877
995478
525521
269948
467182
914606
616241
651731
519798
841021
436639
738929
607002
984152
934632
301356
504749
889481
189098
338289
277420
944447
565939
426382
398216
668862
640680
870123
661067
375966
817671
329314
343906
755989
487131
766979
322464
556242
378614
886311
479191
809998
493151
706721
803719
1071
626156
566730
39257
141761
29373
635402
593577
988931
202472
964214
703757
526308
153575
217693
520610
400647
722847
483851
861726
215245
724436
984400
871316
456333
729427
79918
720559
356225
286099
696581
783911
181645
253668
188770
434822
276493
711829
695824
718607
685376
600775
251376
680680
337536
845048
260187
55143
580417
219400
470056
351729
317867
626027
235357
118351
130125
769895
693937
302002
530981
442511
460542
182553
952127
754388
577666
311940
135512
692571
758630
255553
361581
321976
407906
703102
344616
797951
510158
693013
685944
112298
242148
277408
491623
156198
80606
943995
133261
250790
254376
506674
158972
769856
620558
978450
46012
858890
432108
148243
827485
541004
8258
197430
622561
692479
19348
712483
752984
469418
954089
876812
438206
771834
349977
457928
27302
242640
536517
445310
347905
116386
966127
839855
30711
956237
689016
147558
602667
947548
166045
588071
732798
952530
407513
893047
261669
972910
376006
839691
548827
16068
697896
341689
232118
615073
990783
2692
708606
414137
533086
526806
518886
298400
577222
276021
344903
520586
339238
566302
515962
156979
585444
2037
758436
11241
780582
262825
421738
777066
962204
277078
566464
869196
862437
643677
110165
837297
310949
495919
692025
688264
621937
741270
39822
759941
493092
755916
400829
12861
925994
164899
32908
736491
815047
296603
842866
702615
146033
264620
6206
740856
195545
400547
805732
559971
729020
938008
986039
393452
957765
431207
636724
709077
934337
380582
989257
789457
140823
933619
540726
464238
256009
330678
602285
654528
475130
973648
710923
676212
299829
609541
340256
441249
416163
141621
999365
794628
134911
7435
118267
229589
881181
896107
84426
134813
389200
816536
416793
544673
583416
173619
342171
87312
608468
561398
973277
455114
108258
440037
878687
258369
648336
727772
81943
565217
125987
609520
430379
779665
118842
540556
833848
764317
385568
506692
89292
275582
151092
91660
879222
846546
384042
797879
60465
226285
5525
368572
544104
364299
856045
567194
908372
714895
291328
984391
383329
328683
477998
963223
999455
797042
816519
660127
501883
620239
431475
592128
97807
981066
338245
760037
226661
223203
720302
582914
321014
557168
732812
430784
960656
646604
385913
500669
913204
763766
354993
145191
301618
145466
15483
533543
542320
29368
606127
701390
757209
605404
187383