629244
78660
778211
980560
978126
638682
203887
748486
506853
61712
537972
109948
997010
965124
211466
67847
719714
312307
337822
574947
92500
460284
546224
661295
195196
397131
635106
503841
240388
974029
944750
831470
927103
902630
258923
227618
845580
910446
862908
217827
746517
725326
108906
511042
539941
494635
469685
401154
346846
835583
597460
129238
791002
960209
347400
957114
988873
221859
73759
809334
372288
989551
761549
603363
561572
972466
717764
806685
996067
988838
613580
334762
924483
701875
642570
635205
659300
29883
439867
691221
707422
778598
193332
721352
503557
540812
70169
552698
993308
61669
681072
1283
239698
77614
808853
105898
559891
102769
39648
730721
438093
758595
252175
877189
606160
21018
144153
27057
235163
193763
104872
976273
139208
507464
779036
913226
257020
991183
609382
945148
447349
666306
494226
882877
810993
172326
450941
856879
335245
649880
837535
256389
645820
78443
251861
558723
46853
294430
701625
847235
831281
600002
18257
204130
51951
213718
773817
708250
558063
811218
152513
468160
122029
57476
327031
977326
908630
341694
894759
90832
371333
891756
840126
92061
899885
67228
306650
642956
188841
908191
185934
892897
348398
951795
160721
658966
236947
919209
375257
384280
358995
122746
348600
531286
942636
346227
95122
173368
487471
511256
671371
810766
156940
657860
529560
855827
878222
640051
125346
807716
908439
465168
201203
868237
927574
390434
46552
638066
426610
730982
821976
576642
273583
830669
727197
109192
860783
800337
391157
620775
163103
437719
367402
89932
370505
209037
29107
783502
496885
294395
475487
259320
513074
477392
284923
904987
103502
93944
80074
378582
104048
346155
906319
611141
42868
34091
367311
480914
976480
161691
310010
875866
990156
932583
606483
623576
314695
367400
240867
686634
863
146267
477289
96837
488355
308448
358148
332926
207831
125715
162086
234296
562627
806808
737062
87071
250993
687449
816357
219116
910200
213667
523965
297010
490628
335784
280695
530702
600970
896215
233461
160512
304903
216321
147596
926343
495141
365855
425693
700389
22486
533132
546315
102372
215546
504861
752097
710220
291016
511651
259093
429351
424954
598519
607913
690135
932201
239318
32020
405825
84158
129779
879729
42176
584330
965998
193823
725178
616611
543447
526326
44775
682987
696212
945856
100118
155404
436960
981134
375877
580735
155203
936575
239312
298359
884760
614551
204235
856563
460879
983779
620733
47023
853306
744424
118418
115869
83656
57899
956208
855337
913759
932966
413054
831771
926235
889618
491740
963772
709359
558394
501845
28505
605347
815094
538099
444710
884541
899569
476883
857728
267491
722081
876243
634836
432811
221908
83799
368463
520702
210217
932078
880352
670407
602876
632273
21509
314377
328773
865105
770765
292801
485306
611441
749062
849191
505129
965469
287047
221040
196851
29731
610357
849140
527269
3959
539946
194987
923849
748650
344094
777727
693574
429472
24224
320474
877862
330067
368431
830340
493196
558494
564607
27403
643198
166512
29339
784841
430285
151097
379229
145838
943672
914022
148078
42406
855364
18028
936348
57096
316913
497082
168602
440638
917122
553372
530120
126888
434464
205168
455644
670991
997914
337361
751207
877540
55996
650436
544289
382537
246243
203835
278002
606309
855888
606100
391806
304098
69510
416902
664256
406844
610460
994995
932509
966789
700307
851312
48882
800811
484152
547905
486450
858990
199550
321092
963726
436724
402922
901137
822708
95782
509705
450967
665070
562997
753134
152912
928063
934884
421420
735092
664670
232270
894241
148084
781836
721117
566822
677641
386095
444017
223526
10722
687671
91422
802769
159764
122149
682488
781180
694083
963048
522477
597337
427468
719166
557001
634019
567521
37299
552927
282822
344928
663952
501624
526095
309848
258925
262271
288544
807776
499156
741276
534505
628678
962967
838435
716722
460899
742853
981271
718662
575303
599243
316056
874716
115264
738121
527358
1322
474612
972213
817516
626903
508313
108390
793255
769637
739595
893257
878749
679486
302463
744348
402737
934525
89959
796153
691868
161494
466224
498181
343300
436636
944391
116528
346614
115275
432484
10936
878427
437188
5999
486070
402698
759755
678488
348772
175486
681961
310456
42276
375029
639738
622035
373906
856312
776737
256384
404527
963884
24544
978429
26010
927471
362445
387513
117261
112042
169249
972727
939849
797267
428319
946133
611026
220913
301818
51784
74955
336507
251333
467385
982205
107699
449415
990664
283092
190058
700197
933915
142183
535608
467158
537926
989319
796233
892199
260417
136738
399161
882619
994309
412410
821028
441176
127611
686445
896626
419332
369379
435
964249
784885
435175
248872
271595
312600
10630
7260
344559
330066
893161
153334
955752
780887
849602
385764
920471
403476
521438
609018
194854
266058
659531
423549
654324
247168
76683
637221
489959
305773
969061
796921
376270
546309
676457
228523
435930
151293
526565
968931
555309
227801
139888
275635
789256
493996
459583
107246
434389
518009
814508
82743
847198
913876
523928
947643
236624
497851
908760
502098
470322
913306
86984
278898
399641
643557
599716
998648
330429
649351
739725
974861
45095
91356
435530
193498
215913
727910
681988
749482
140392
614390
802166
686957
476597
672966
275533
60594
59632
550123
473922
211987
940053
934226
409420
838206
500822
166533
517293
418801
881458
546438
572234
963110
966382
205372
67690
841416
879008
803657
775687
671573
263969
590760
748558
846926
636916
561749
724133
311891
734666
541417
752424
618293
108041
32406
874528
128601
165552
574789
853396
471417
498164
181969
281355
117
593692
141373
870652
57283
983947
98315
371061
305577
458578
877505
352455
249960
226614
939118
40526
346687
810049
714899
500208
771230
13368
324740
724099
335
528727
335220
602107
852634
608600
289052
323736
527765
765989
707966
495891
485714
646892
151455
146757
716079
60524
699953
830251
61232
649873
923385
245778
777864
838484
994663
144406
448142
498934
112589
805326
684720
254284
809758
35388
813114
445863
38440
469676
860455
579063
151030
932576
731364
493393
21590
756448
409759
593846
591067
248981
389597
227736
61228
950485
308109
694440
810924
928850
931826
435096
863227
122553
228697
665085
393073
661093
248864
84223
332469
167381
932174
327909
603916
278079
762250
507020
892617
5590
394967
525200
154143
109317
3416
859237
246630
344025
101977
141535
175217
309581
38849
193296
441287
639035
179413
122797
900261
430971
42052
725262
349009
157218
293566
699114
787639
758485
563071
127996
930265
278179
491288
268738
75502
178588
296375
932534
889833
433821
407969
649920
5587
600355
397871
369698
590204
328699
518786
657780
204542
198678
651834
233998
335406
335977
359003
213236
961076
999098
38526
601833
388536
213511
889114
440994
387190
573778
503301
486043
336274
534595
430597
463658
701790
868152
977963
758818
663661
477900
848078
848964
124959
427780
955168
925025
652429
871129