171401
817717
729295
384117
54318
804126
794537
822069
159133
417366
205154
833711
988825
639472
632871
423424
793508
566977
681546
203880
940698
603148
130056
115782
942286
789115
338072
255682
542436
481089
959653
44961
978610
421662
895723
16965
642195
750262
108872
699511
885711
651178
522559
426401
650339
147087
731673
424292
920507
11901
662550
190223
751540
898767
637913
260
761886
557409
525852
371210
533185
449551
781824
435018
319451
161991
228805
479426
830904
763962
363098
358647
628503
658739
821930
84280
841959
539017
403868
669360
507054
771409
694205
217403
807317
907483
914854
323493
900641
47074
91912
85895
813159
464186
13968
414390
90729
246602
740315
865467
512615
697414
610655
934687
192476
899986
806482
593010
818514
157437
519245
866541
617659
983567
691493
428117
867917
944185
114607
494336
428513
926171
390354
803099
809224
346107
893376
84390
758300
401201
407865
231020
212636
712245
554049
326196
724356
611701
468755
791279
154740
889558
459211
179735
509417
25443
510332
562281
278021
807520
593193
23381
537005
767048
695955
520716
376064
42027
378429
246941
916642
124189
437603
676987
305230
440651
963798
684354
584689
874894
665811
466312
273595
141254
848230
530579
816578
392991
835270
665037
807930
566016
952866
637208
36228
738720
404360
351678
949494
222891
505041
331335
98421
191542
776904
682250
479438
396530
347379
152211
469922
932181
944427
499379
224586
60697
535276
150210
985119
830932
317187
44758
744382
594224
336060
642650
101977
549255
482278
294467
949788
132508
993105
570992
834065
411697
877073
686678
454900
636614
868171
853944
784463
755175
616293
261298
712080
11992
825273
381018
957312
712639
960983
481062
231372
858844
969336
541046
272796
638152
167678
253619
434992
686184
102938
430214
961332
630432
706032
924135
947673
671607
514402
134120
262759
861862
83205
257949
373634
298805
960543
728410
106294
670015
763278
682811
860973
454861
957325
892502
697050
618730
919982
310233
4251
819356
741726
280947
184882
985751
11019
505488
886052
627310
518092
46946
841362
383985
412261
25780
308309
138000
852250
162560
420640
473384
600104
996127
514158
391678
326673
430145
629996
970504
620264
242481
951122
86223
819972
329539
885848
412764
831286
751614
876391
655759
24001
95535
781003
384430
161057
277311
854992
883272
61844
670176
938932
161365
364603
362396
451618
629248
319988
424385
180855
981575
21442
296111
666902
508381
857938
793492
181403
398573
260789
776408
918923
596357
8572
221159
38657
424606
452884
296648
620718
498774
32511
56248
434329
420762
354721
526274
654582
364206
939788
297169
309878
941006
448474
204960
293943
673453
842092
328227
234334
987152
460888
319791
373579
887005
448879
42505
889619
381827
301917
584984
758986
282759
570612
995814
349136
216442
910903
493699
415641
566004
742437
486243
75418
581210
748555
461459
628974
83725
331553
703838
812609
34232
923037
830721
175813
725238
741570
344939
799571
516699
188419
756115
498085
841203
577135
335713
979379
671220
303790
239897
179562
763041
882102
559405
131003
770329
491312
837141
276422
754776
814535
731849
98950
712184
981486
800193
302414
479354
371812
819759
546652
790499
883927
681938
919410
311447
29133
646346
909368
195741
871912
667389
634116
78799
404690
578767
472402
454620
418995
153148
51731
64114
314795
441974
750403
264897
575971
344255
487336
349549
832239
53455
593531
432557
526457
887968
985785
835822
211177
23429
696275
868364
409385
814000
50891
517972
791796
715011
434700
850836
146680
300743
634683
849803
248075
508875
207905
12670
264412
37012
187510
279052
791895
766964
709473
757645
945692
198841
819779
285288
196795
139758
804699
65044
803606
310866
876118
502603
754650
111645
939364
888609
112457
511812
472719
759105
528553
928917
255860
607085
485605
993632
798669
115252
515180
304931
842416
233352
238179
633822
232034
233061
579920
546960
791238
339212
922948
90442
571489
658213
278058
999266
991316
902833
777631
879376
934258
847102
925280
946930
831704
535895
71923
203359
121168
20836
530794
374967
241034
797471
592526
552313
499577
178252
456336
227254
739060
551665
754455
344510
704974
849939
914351
59811
426001
576046
76912
128096
712016
425338
668633
232963
85478
877909
12008
112515
75802
134920
550687
36903
826812
425383
364598
49363
394146
19494
655122
395208
942472
250442
791538
732187
291649
468658
327332
40822
906461
130816
118615
634783
476331
160446
306754
309044
689399
307867
463462
457514
669628
484182
638997
942053
816113
947436
402708
601173
460507
778580
220099
549500
841493
300708
671670
837932
384508
967130
86214
619697
170401
772118
134854
698907
778480
422786
812002
225935
397428
351332
15553
347864
211787
143992
631002
822465
592254
116331
622817
960604
544776
574091
141271
774669
206419
764642
64081
879555
915291
646124
709573
517952
527263
379724
681734
63099
203999
885070
937392
489895
854842
889565
201899
599177
779319
649551
802061
230188
827570
924503
833726
302688
572740
845033
336277
292879
572398
31311
807456
666224
785298
690552
959290
865478
605294
450579
89551
683665
776004
371003
823045
239433
657803
914414
263171
316179
932990
657019
786563
526520
855486
171505
812274
620132
578175
824467
881830
265675
924002
196561
297624
806472
206212
455605
384494
814799
348616
291188
162984
751092
608511
953912
852629
672068
662929
533194
159784
725714
683106
854648
746866
121274
292590
281389
628530
368827
981168
263143
495167
845740
629788
692896
125260
166209
290921
2881
115514
405330
264299
459998
131294
960553
809758
305379
759809
721086
546867
223566
834595
259755
705339
123917
792251
962030
910701
370093
220993
363358
116437
403132
265490
478652
626881
169361
963577
576722
894333
886521
907817
677631
919430
459781
848515
32420
635524
293872
984688
982299
615856
338429
725597
888410
806544
950662
647861
273396
758940
562818
221782
922508
11652
201460
635416
454646
855533
621424
706022
792691
704203
189343
435956
37672
688180
680014
243651
482765
892449
833382
280256
890801
865307
860794
528615
702930
640577
86214
573646
546266
535798
561414
31836
264769
415753
803741
632418
710365
943701
770861
853972
700192
581949
808970
837519
871085
748880
589266
20872
643876
591354
982053
568833
147727
289366
408671
210000
748719
674123
458525
533315
777074
211212
461765
146105
153848
77272
267806
350274
880626
141614
695638
154425
774705
153473
993968
507068
407423
331087
177580
609710
934757
850562
290815
48514
397011
440485
489953
269326
108337
402508
333305
613273
957058
898629
821166
728749
794175
272654
537343
680509
600169
506342
709792
487704
789126
649983
129975
140089
834419
212658
648852
365252
381642
49219
402018
549616
152143
238997
7294
252084
234514
815525
725154
691571
811512
977080
975712
438332
976414
584576
665522
293843
55424
336371
493319
5144
771768
998809
775836
26935
662245
466816
363218
18336
388498
230615
898064
141124
972929
32681
12996
512378
533151
113250
58696
356851
789047