146968
113699
253496
770631
778085
870449
931455
394917
697726
145905
566529
170265
701260
443399
262436
413762
327415
801643
199168
685174
366722
266570
35678
367466
884360
182010
493266
851749
44381
201686
272437
380031
980362
15861
492073
893096
321766
533008
782199
681016
755795
660217
10221
240270
181293
885618
375403
504116
594243
581921
267500
531830
833695
322224
852828
817591
712423
527603
824686
611274
858404
450523
134945
31073
801210
838956
809726
291851
451651
623159
144497
73282
143523
620375
672536
908316
833083
562302
305591
485188
884857
715986
956712
925129
111666
990876
772596
423143
382253
703084
826433
120653
161656
102474
752117
716518
807471
359029
336823
116866
309426
951989
531325
374377
430163
308619
686073
274123
881926
98987
75931
185714
256815
808980
937589
220509
917557
85866
311083
307793
951245
878990
950453
535297
590237
582815
448468
987116
212442
230288
506486
356052
147452
281621
972892
807549
35514
706882
872175
928918
413057
870342
151633
110143
531544
190398
283764
371606
155624
670885
179842
479177
232119
177996
93781
168623
873101
771519
325265
438953
54327
489986
567286
168268
794587
736352
685581
755884
351988
814174
566116
100938
149978
223806
421633
990389
728920
43971
609417
888255
8280
96116
579824
193145
539998
617297
48731
262566
235375
851895
866972
890209
255813
313305
345935
466330
372006
463782
990900
751564
116684
213970
692303
50943
482772
953215
430037
587591
751831
787552
456972
44503
276916
284360
745326
568027
689473
300989
203100
8086
51681
409216
797699
807921
933635
18237
259990
750017
259018
545945
484420
715128
33453
891586
89467
717718
746428
22438
857566
743868
320752
702992
934787
336614
972718
267171
737934
448885
241674
862456
490354
815673
749455
779356
187641
984733
958147
320467
580537
189079
308892
160449
454727
444728
644974
301566
85861
613586
749160
539011
253004
684082
158312
816032
604854
191075
157491
970989
490468
521774
1343
156748
589830
835859
962268
647420
809530
465661
762896
838258
944896
956246
314674
991601
552364
355385
454818
685065
324455
969913
550727
977766
14639
567592
423865
26178
620493
922610
34475
253275
100929
678000
763903
202967
376929
729721
933145
896375
745074
724847
404189
847331
119310
810233
725005
891546
708776
468252
299526
637227
838128
132618
490751
654467
621712
290011
398063
486586
114045
942181
289171
188639
376444
628373
312527
376649
623311
689395
167888
705690
241407
92317
870663
285749
11645
928753
609947
791395
305257
649866
970672
924574
374868
207677
467042
449441
115861
534968
417423
233947
834571
215000
680156
604976
627211
767472
665209
852147
947089
708577
338394
899960
817532
430739
642856
8800
934080
991520
876799
862360
591894
101409
86939
552385
972966
956634
463915
781213
832567
75860
58897
68368
35545
968537
879905
869600
710441
287897
571835
295012
13029
103035
435977
547546
620769
62182
502780
293882
115807
513259
735919
926887
356513
97964
216184
82082
786209
942109
330511
830135
382597
327618
574447
683255
612551
650523
565614
925373
324312
544530
261255
804379
982739
281116
174686
809203
33194
944873
593488
595379
465724
426713
416543
119790
843625
977777
247512
198607
159078
923304
809119
12025
883451
148454
575611
45196
490976
136965
760016
576841
551904
668793
438347
105347
214871
764256
644627
36715
528094
99954
728644
549553
585133
915651
132609
799380
923369
381508
13348
527811
951941
501512
813493
701792
440809
891629
968072
23843
263706
190147
422205
26366
655150
432901
531096
991364
215310
457481
215283
121527
776401
288243
952097
229419
30429
497877
298571
708601
510458
741495
161501
703834
116250
15624
957175
207074
879974
707205
136235
271797
78824
166643
288454
660256
118783
364128
187657
16607
837372
169923
688834
93379
3149
936985
347447
649632
825804
358235
995224
386163
233128
21009
277240
686489
519737
687636
331813
991872
727316
93805
377791
354487
777302
975321
963036
84904
944276
109056
23430
438368
732003
385323
703480
968939
593910
316618
97618
521369
225934
931620
685526
827672
352079
703512
255363
328642
21607
18161
535486
150177
441722
700368
588288
130058
280696
285354
259043
412915
193790
47841
618125
409435
47968
282539
386756
850431
951243
967526
794427
257211
728681
735984
180411
396765
929419
31914
922265
193597
797734
431932
951017
129608
896037
377913
195706
379249
228844
984226
789211
799241
784122
158465
762842
420476
382048
6056
258855
274276
601141
376798
998157
226027
337784
455345
854616
986243
247617
497834
908010
622481
915857
173311
274302
705044
108509
481288
345020
685279
867562
885739
806735
227315
530644
130995
957128
992419
979240
186493
385952
809719
549473
904986
47122
257855
75556
272793
112501
429203
478440
580854
768403
51621
160777
451799
292620
202253
224241
420937
332779
563727
186335
688023
296089
545181
441255
731842
156061
618839
182946
711108
783517
907462
888430
962860
117243
398788
745579
453498
103864
160170
601901
737779
357057
579934
109549
837542
912965
971531
746626
464650
291669
842419
306015
181543
313854
751629
260322
418020
767309
958337
135172
744311
69642
998299
652974
438171
531616
915853
945400
177722
689766
126233
575207
641893
447466
786302
456677
906838
440357
111329
18802
789326
125085
291305
116517
707105
579527
532328
262627
201401
898207
276925
726722
998167
368356
841749
927277
372406
320079
551896
329224
623819
658352
948173
751702
672220
605073
796961
589314
137647
106165
441889
955090
782728
691704
502348
164513
863868
316351
45956
297310
762972
852826
140408
797394
252906
462950
124686
201173
887545
28790
30466
120614
301250
190666
331600
549812
652779
309343
602883
412452
55098
846429
728878
22445
595244
240054
19401
791126
467346
342131
960338
81819
817099
879041
356769
586175
127433
199295
309974
976597
362820
779788
810694
875180
633589
576477
728084
371989
841843
325830
627154
424122
626995
330181
157015
471897
941639
93082
718096
519631
757421
410054
738572
745851
725776
165604
168546
431436
99831
139159
735100
624035
861473
580573
92179
493281
791527
180097
246287
773663
171195
328252
542364
40584
909329
237761
53712
819998
152820
582729
435720
693141
856349
799511
175169
625300
362891
89213
695222
721129
777872
463536
960806
488968
807511
883667
69871
482713
775885
656200
813100
882177
735390
770555
337983
171529
941779
789141
862699
580267
477588
234495
851105
362312
476766
156915
182179
306198
228479
711584
625603
92978
419523
125957
369721
248316
912470
396192
438950
471412
750618
415644
584768
65741
531008
8990
637748
45266
893229
522244
367663
244638
634400
202013
614503
423032
879700
586525
825329
918668
812980
526518
160202
884680
703457
255817
14996
516885
352167
139434
149716
970144
625826
341293
608031
852374
445915
674177
267046
283927
457267
321264
165878
514901
613122
951618
727476
4119
82573
991262
610153
680862
211500
456974
203625
834097
749558
811690
718935
703811
193459
758419
412461
385201
890759
753832
731253
98849
498519