881717
7795
534504
614405
7787
901359
319790
185902
678476
339028
459536
601285
332845
13825
742734
253376
64960
828631
646686
968263
261916
667014
538532
518688
717359
369305
849669
889016
716510
759767
428534
882277
734200
349047
500861
641201
939187
770640
796403
792883
656026
100951
437235
220638
300021
959572
125149
916819
71321
689745
14292
976802
870929
978541
410039
557055
484458
992083
96285
539136
68681
473260
660683
716659
371453
277641
660990
553743
917343
507922
855583
951106
599300
748024
7333
999959
730957
895038
962399
404008
634682
740545
804141
106360
267221
762398
887250
670780
217824
553876
468294
135727
652962
939187
466297
384779
427282
102630
610570
558493
632184
993278
862916
670453
311436
857882
537459
384216
937460
1747
983723
858017
512485
780678
47226
670604
835464
386631
776743
104204
558707
205555
8504
479619
147412
397966
525004
813610
750781
881104
459706
800194
295204
76132
498830
5167
817940
624604
217524
207100
174043
775543
580122
18281
769747
297769
232809
275483
902303
581697
721904
203160
619263
60627
182105
20616
749452
203647
356415
489864
903407
110569
33119
882381
792781
173888
115034
980608
176260
363596
572420
24031
103745
437720
473308
959856
901128
784804
133621
964741
514681
664106
184378
966729
417123
325117
14364
815505
266697
860055
614075
824256
906044
671333
320347
637886
89499
120565
340966
770016
535352
266474
224713
695166
513954
596161
634641
82679
203008
307508
881054
615424
468152
10045
675510
848995
559965
677451
478321
736065
457764
306911
629401
765757
236081
18888
175934
149344
881467
265429
940241
121263
445257
405943
907342
218408
282228
156463
454083
350820
395550
321735
290355
583387
585209
779018
237791
810809
180081
898338
132487
927073
623101
455973
205634
665854
74476
626292
269630
19706
499639
821628
917091
33615
416664
990686
726311
812410
592109
483078
159139
781746
494775
740844
435825
598803
243600
887472
176307
621541
118952
750653
8532
514314
445805
977167
661777
392807
802829
676554
286586
892744
63137
464819
872813
684487
730486
870243
673383
249589
398952
810437
483800
185576
934630
253088
476013
911668
154649
232436
40180
410841
361814
109320
748989
562586
82441
334718
126549
695906
750452
5014
377548
223558
882568
181809
612216
606203
497427
289894
388782
439127
145737
904091
587495
154336
939059
888991
728909
687312
391575
165151
854016
470395
722231
341197
994943
283709
503862
73283
82323
819733
191439
291728
859050
299084
113344
369182
63
112751
967553
895541
173880
259985
728897
971840
224030
301224
144074
838734
997145
651907
667817
214702
599347
305685
776666
934954
23729
494534
86032
354087
159074
368412
591737
503848
163615
508603
659008
181933
67519
976545
89863
988595
253898
643906
714132
824865
160536
749862
469825
519540
143181
987971
865348
61652
946081
937745
49047
380960
636627
324950
450844
741052
178326
419876
106217
588009
39946
864250
324548
132101
368596
355179
321860
30854
290598
908426
802232
288862
846414
873553
242669
893050
914510
479879
813001
761676
233943
454918
445342
301163
296558
175892
556941
236931
447095
890117
325740
412708
3122
771519
219718
937402
586594
968186
689119
399389
144983
339879
544898
865175
332281
284543
567242
32712
18849
909371
314785
219190
703924
814618
938127
828977
515776
927346
40537
569442
301834
147449
274233
960690
34794
49770
412362
619864
390554
523797
94859
391424
889986
26409
310562
641929
438915
73279
948529
941163
449332
701058
428208
910988
979724
895081
501155
239160
493569
396362
806236
727399
902381
876764
655757
771328
533381
202742
831734
854456
541697
395698
879512
479221
73170
940972
500205
455162
176199
297662
163933
617610
59709
817931
992596
859873
799197
797131
293932
827697
3948
45058
867853
746847
275902
193787
351576
633007
514264
939055
421812
567721
249872
549786
630296
814963
229421
274350
13182
299957
412067
722309
385347
375210
389541
906867
407413
858290
995797
395932
96279
41689
533348
938630
439234
747194
610835
9341
167228
525507
59981
942723
544626
786412
779999
720930
240783
985635
643644
18154
963036
991578
791451
807808
551224
408462
739394
694142
660585
941958
730024
142745
992910
859227
668320
953357
275077
217341
800842
643596
829598
812385
20423
893656
633575
736124
308520
839728
220468
17909
363460
797835
643324
76600
905224
949979
988645
610579
496033
630931
606813
113502
970869
116691
307998
419283
733226
234612
261753
551819
238744
690334
233984
683361
963032
738174
96747
189924
29837
709261
254343
633024
461897
955688
743434
994043
709147
969129
285394
640878
707623
788822
495900
316092
227260
326506
789744
901585
677936
904867
258123
836920
860476
131202
941171
846695
372990
209509
470238
66987
512762
931857
12465
751672
550090
883865
814407
486503
192811
849312
412023
242162
908915
5321
751070
657065
529503
262298
44954
656509
215522
21704
186363
886829
439027
699975
924497
471574
103420
598319
821478
281227
306961
85845
209528
248878
539974
607380
984757
261287
298589
727584
93927
808099
196450
279362
997285
881570
660735
697305
223601
584951
209957
785820
372778
529758
128385
496806
566929
380495
75579
773190
402544
839929
799398
152313
914429
958886
656980
617114
926291
901546
90575
133263
433411
200607
553752
416811
339569
96190
638362
739654
953401
768220
313803
999035
138631
144079
257486
852492
908128
491646
229054
451147
553486
192387
320785
191866
109845
930036
702728
952829
69927
27406
173530
477188
781761
817241
426519
925978
891326
742582
445508
134120
524381
347913
855914
772302
640955
444456
374156
442727
141524
511288
721956
718160
855643
828529
502020
271386
501797
929656
567727
536171
71521
707101
361831
790973
861315
908567
547823
163123
552662
821107
12460
813879
323452
655805
979125
483712
963378
517977
539057
652361
361382
876143
381117
799654
534966
127555
880640
640785
579223
198935
994065
753679
527678
118108
598414
716268
137535
145553
13306
727962
38704
364463
448113
702271
518973
593723
27952
986506
456943
110290
869635
189659
559876
945770
402285
81017
115339
456569
757259
159770
923552
457812
588110
289794
941581
458277
123718
744016
441072
436947
606370
109179
157922
161318
521414
764555
995330
263438
186287
67077
330925
161732
334060
950555
874154
444950
300317
378103
321898
519212
302020
974592
768265
159858
83198
209866
938806
106966
894633
703710
839844
996662
373377
579929
340446
729942
392811
309668
537498
846542
365088
152982
493656
593463
795178
132914
83417
156074
109378
457747
234348
954294
911035
444811
808477
997157
852336
293161
733143
36173
253443
502651
761097
661158
448842
343351
416389
541842
595694
541982
265618
734331
340082
270949
643341
343601
304448
600790
355980
861518
833133
808267
690290
184425
812833
320052
260496
655190
670893
615870
842420
471668
846775
115206
363485
456825
130632
928071
644169
495393
267843
363062
319562
907690
139454
254884
608883
653353
645897
498679
246348
536031
144947
659975
938538
514652
924806
166760