187611
210762
914187
730581
45181
759371
473775
203859
23517
830140
750597
931547
466386
956854
242838
920655
669273
246537
178313
347337
965458
222656
583449
851850
719669
334440
560948
935615
442094
241846
667134
33300
818566
701527
941147
751765
441991
251204
705522
842924
425580
918198
731311
709014
880228
862415
740824
626458
446363
204927
507150
418451
684881
290340
2045
6613
152245
284468
142376
128462
411642
318414
690215
520187
65028
355951
772793
33138
130231
583200
305915
477636
732708
397897
328078
469159
133379
10121
882384
189661
571914
257181
619533
770707
269158
482412
737483
955327
202831
230976
222086
801920
947451
75312
607803
456242
952403
98710
638821
436443
121333
437547
278193
451348
451590
811065
486327
503577
794145
152104
69992
916828
502463
293056
689137
970584
853052
158363
801249
25683
640910
68205
921541
380666
279856
567586
82206
611492
70751
660864
785061
816147
39844
453821
59324
10906
895023
983702
459860
906401
199465
452229
971152
429390
820236
167386
818370
650041
73602
246887
129286
224745
759362
539505
239426
70919
453233
280077
187737
752961
9358
709743
611171
977452
214251
265115
813962
670907
928986
968356
261038
344814
858235
334724
124849
840403
292721
454967
801063
89522
785945
907011
500939
228205
746533
804721
126832
255950
354325
601060
642164
446430
41309
228826
58330
884298
17797
784176
978383
827952
969710
236510
360985
79553
104626
582815
797993
181310
182239
455432
135168
50968
29136
439233
707903
619642
308305
257570
812460
141590
990560
545871
288150
108192
58050
147625
246938
117376
459303
739534
54434
624911
230744
120964
639778
235420
1403
687361
91861
78697
805510
448143
285454
860821
241969
446649
973165
379780
540166
593029
377815
651737
18373
730545
824699
306812
753968
221570
364306
582134
23990
461636
653480
65176
220034
508218
586644
321786
493249
445478
298549
681047
343226
197068
196201
743036
728795
246091
619951
625742
49281
124716
582395
573863
521524
595445
788606
314884
60954
161888
802354
466782
764297
918980
790346
376919
486982
780852
750155
3101
810083
809184
507409
835503
899622
705665
53894
402082
375345
529255
990673
600314
326562
352273
938894
954525
39420
878895
785896
910790
832978
15491
545310
450305
640701
4247
427263
627351
619527
9914
438425
119403
120380
984022
461502
514625
812044
221768
299923
855959
614550
273840
615870
911199
368738
778745
38395
744868
845435
340817
973275
430454
780656
794852
807396
160466
112540
70432
267816
586983
491207
397298
669303
956825
434492
777696
664037
493143
210522
492464
893271
519198
642359
904672
633157
20276
550428
977972
125561
696137
475230
736359
789569
69106
655824
357894
920533
881817
978832
716981
800887
843875
758236
968129
370569
768099
757969
198707
734822
274722
827338
268981
823217
535873
883562
704847
456168
982855
746206
911962
923837
505183
505073
39530
937175
433033
686103
537871
472031
513705
469093
825918
594599
167904
606570
513147
830129
543072
494878
304981
16705
268715
56598
61566
872026
362606
707609
476856
693504
436940
702676
498280
710641
209971
580160
916832
613505
341342
259475
523247
692285
778281
584161
847986
840266
125014
748976
781087
396212
29204
101125
302505
432021
216922
263801
144375
627648
601579
394430
453721
317676
842484
660540
427426
642561
835087
692936
450893
992429
877716
858850
487585
92470
678508
687015
338770
146332
941479
672109
921062
427563
2085
987772
893956
589038
870346
345410
810348
746409
83537
350256
460126
84050
970644
226670
230225
330549
287249
711413
114101
955723
692172
246636
469425
352240
206167
343592
744837
582321
618158
133575
174951
493640
785935
674362
877341
138399
915957
538423
876096
465710
200798
573440
323555
199794
643044
496177
595202
665117
500809
157493
992237
74512
552816
899313
502170
457417
299866
413614
439868
972783
294752
909007
819772
824810
24119
192235
994621
379573
153441
479940
436783
366722
490264
370274
535417
242823
721029
424480
935969
891533
833267
235286
258103
840716
147607
691998
993967
87693
53048
391403
10786
441235
864066
789130
360077
12540
699647
737852
30350
117294
921965
516740
871009
387079
466421
320816
162184
330743
344927
449379
208607
935016
710775
109431
895161
148498
136109
833018
357588
254319
171998
996703
793896
204108
836263
826836
970323
959598
405691
576112
160307
768013
776931
264844
95693
83575
704354
494701
6524
539799
423302
363126
979050
975930
523647
433418
671164
25705
451252
48483
890319
187804
683853
15499
661010
614694
453122
834252
187264
80244
866082
193673
550125
716337
416736
419088
70954
144858
172753
916970
18432
573816
372212
434490
740465
274981
771865
127906
361787
615317
851088
16851
903836
475613
894606
390841
55588
457092
52299
129810
852328
750429
705829
702276
203929
921478
859528
812697
554998
154130
816919
283886
956361
683150
104472
780834
480637
248411
460586
409045
224261
406888
720550
53502
104092
449854
597118
563659
278862
490147
681580
535320
304002
7987
471619
492061
62964
773696
869963
726848
108995
601834
391773
928753
298359
833626
268908
990181
499353
793196
745655
66794
721005
717998
123210
45307
221197
824981
529122
63589
25979
241404
963142
623035
820216
502831
902326
134887
354233
200748
635968
450249
351967
148356
544863
37742
403201
125492
739613
993284
475779
862237
829105
993245
493262
425690
103035
635198
889304
585487
81235
349789
172123
51048
207813
212727
310724
697150
449523
537656
189125
24329
695492
88701
465667
136720
149375
115703
921517
462358
355210
185701
785851
289559
104673
960940
584726
947923
236148
656740
776489
123599
254961
901761
808656
365850
779324
118755
259485
315603
47986
345632
412051
566520
113268
624673
949466
355278
887134
701995
456933
470141
908104
799858
69653
865503
553300
651193
915180
475013
432581
818701
964635
626970
870702
560171
529248
283111
708571
147134
917052
45515
136200
595758
699073
506234
907570
226872
625230
50413
81621
336297
477195
666015
383747
527128
48798
661925
388645
932409
4129
451078
988040
639618
579316
716382
25765
117668
966008
344614
557870
342608
742948
487070
926873
619981
906542
985657
726971
809812
892209
189225
780973
774435
475309
877353
449886
389894
593815
607390
952590
388405
944427
305486
885654
632373
669676
333433
802372
159709
575620
580559
535220
485718
98053
353511
927438
198571
669728
966698
777100
843386
231915
972237
90994
454198
380670
910673
195832
863621
41531
312364
860748
96733
625915
434298
347740
738763
338318
878240
225662
155373
675474
803516
858554
839873
186985
921330
710566
963439
251453
837434
997400
412434
963009
596081
758164
211163
220197
470584
121707
248929
762452
144416
397971
656994
209055
431714
637558
14065
121179
597127
471705
798186
729798
152370
370001
148420
250485
730467
934667
51458
640722
268549
487885
526314
246180
266199
2643
244510
29461
328729
377712
293663
978147
553406
163858
469166
848556
571521
111067
561612
617420
220326
325506
596939
885794
886261
400145