903657
917190
121161
544951
166638
577960
966158
632937
959217
365767
979667
94540
165989
619568
535539
7629
452457
918112
970486
78682
866930
577156
607037
237175
822460
953735
564068
149767
337639
598643
68215
565079
810564
326631
453077
631310
402074
958359
413020
716623
312316
829000
364510
806200
849018
155437
960302
250018
206296
7321
900433
491895
299627
936834
188848
423007
835592
287817
895635
172056
34275
826992
302212
469431
67703
618333
30456
204184
329461
996196
386627
430307
108650
83669
687100
872768
105573
549635
775274
933935
497088
201391
287685
307487
936286
569222
482197
569579
954185
855155
602333
535999
720373
490183
819129
749238
15057
72574
765571
190834
566711
644455
558539
202056
617544
104660
989323
639942
693264
52932
256147
495883
74098
513871
210782
560411
390829
798576
596213
230533
102572
227799
163436
224895
352313
562430
872878
797267
841693
765521
609533
20280
918338
154571
970820
849027
26986
93654
722266
968121
39948
122023
458537
875953
752958
819138
855954
266379
9193
765668
657505
530727
497285
675783
192515
121992
258381
148188
800518
598252
332823
511610
2486
393806
778783
925062
642481
754219
503191
234013
508906
815407
959549
80653
136935
507087
787732
419783
592309
817376
897649
901419
41597
967995
331618
547014
825130
218500
479594
768281
566204
343152
866883
55929
573801
305472
785727
600162
425925
293238
500174
695656
156813
70618
617875
30756
913646
554330
492991
863988
297030
627164
201123
650535
854384
464900
710198
897147
356531
71595
360510
896035
555131
293413
662595
516601
92273
312620
723419
418454
113396
511048
319321
889949
920840
636292
748444
13587
697740
404090
115880
12914
930572
26791
631514
445134
663569
670499
833562
369476
129350
512429
390058
743414
617477
895221
276045
77170
666316
56382
675991
811502
793419
48735
918958
974581
15820
761696
118300
420850
353992
403396
958190
358080
361857
410099
246018
928385
480112
512095
432719
324811
671294
604139
292354
297148
362352
143763
347747
928977
194157
32186
430780
252486
457249
320258
973922
608454
379261
625835
243835
655838
621832
849156
748428
588749
443467
629231
475444
428137
989674
996995
453726
221362
82847
849849
367521
604873
701742
197483
599717
463551
64034
610267
131650
354833
855317
939213
185130
956558
684043
170460
356609
44558
284286
227415
263886
409308
336842
640140
402538
680551
34065
264272
992254
244623
674958
650685
82511
311255
644451
242340
82544
714985
104387
306173
182308
220848
603671
395589
839152
944862
601110
183071
619170
996871
586925
702611
202715
606652
87475
398096
290303
803737
342685
886519
478162
187255
856742
13778
911923
444130
340051
606066
672455
52321
784059
301272
399630
40351
540426
982523
617780
765190
312170
629933
590876
417621
906808
856836
305990
367568
450105
3194
360315
521384
513974
421609
110067
578969
273170
510275
428827
450634
372826
122426
818392
121936
662487
213264
416977
939309
332205
973061
657595
630107
272385
239076
943711
367768
671430
679090
729784
846117
963915
95860
821049
636391
246852
214450
539911
66404
192770
483344
645580
483333
305716
745472
539077
39920
89896
116681
337517
78465
330590
46916
859544
777802
223069
333308
428111
975521
527662
804542
667238
981015
277725
502365
146197
754505
822170
448747
807535
43018
145319
506184
604650
936363
474263
413803
670088
834462
157502
813403
637543
1974
678562
967223
448504
726969
454386
913220
88781
597472
760703
3786
220632
563018
725190
130324
602986
257949
834150
448756
525246
528965
809538
90030
219433
231556
30556
164823
360922
138230
897697
353162
319799
236036
666947
507299
782857
781693
318039
990196
730514
229726
963020
922101
523450
552304
149993
114210
30502
529057
171837
231045
312392
300978
150788
642164
365077
854575
237178
498998
822071
130759
734254
804048
316793
137528
340864
627400
414056
786328
989972
169417
634017
169039
953297
68703
112458
645857
981042
210860
868010
423907
250535
306247
479927
272255
808766
673923
219300
641048
11150
994113
322090
730826
182514
273022
144124
992636
356169
901479
396201
130385
483058
482874
521723
923946
945377
56012
549770
94848
557663
444983
433270
995952
493262
730824
964984
122340
735201
258702
853208
312700
717874
169533
434670
38841
799587
176418
803797
365489
85899
193945
845601
3410
909803
472373
773620
375893
967210
88902
294917
772017
704797
4667
450862
469655
62187
408821
515446
177003
81546
739968
72122
263486
215083
600458
535702
29223
384546
760455
937546
696793
976720
586417
750354
899873
995034
522542
893064
190376
529797
703961
826922
489060
558198
386890
830506
464122
840082
643624
124514
538131
336676
689263
506392
595723
146783
282180
550355
492788
428621
871744
230155
152460
155371
554488
29909
374042
838598
443839
222603
478068
546136
758753
16366
564008
639621
793020
695379
466730
661763
939719
715282
463599
714585
114216
952219
406223
487200
244344
950142
229129
815394
977793
62776
722244
285106
394477
844643
44875
928056
305564
909798
705953
500167
671068
747461
638612
182024
774334
660438
556768
795538
54448
75299
997164
792074
916545
962477
322428
334723
415204
999990
488999
770997
437520
416251
568373
672146
900189
155425
850897
401379
518860
123042
858462
865715
908187
790117
745723
704761
127517
360739
379062
674649
299769
41149
848341
396457
600072
687533
288538
955853
735881
255311
666695
64306
21754
24431
624181
622119
289675
533191
555083
559643
169725
517379
848602
775441
726135
922016
626677
838778
40172
229760
367613
878722
94014
933013
522289
743248
228726
966064
601650
79145
524620
309075
242438
457133
683751
777498
442744
46506
381985
218514
499746
629724
602021
950326
179089
939782
158943
300683
298680
401807
486329
527717
219226
365207
763643
239245
699690
823858
634550
665883
197885
439154
91049
788876
974761
404428
579694
375285
295507
319091
23931
431170
611412
776994
250479
447694
853485
815898
257900
85549
872185
723560
871955
619888
617148
950828
595006
550940
866639
43292
875714
274753
188526
570382
600437
604005
342886
4469
339206
230593
520922
382398
766840
929715
655709
368016
723705
419407
537325
26619
580818
310033
618280
220929
930456
504931
204694
43025
136101
746504
194518
107846
944518
741214
646147
851222
187950
442520
239111
199057
585855
622518
123079
104145
793317
821048
742248
483238
137195
125323
969255
29386
931284
3599
286069
223178
868189
593206
808886
621403
748325
426225
669885
162796
725400
565395
640746
797902
322911
518316
911192
223718
707664
99764
620339
883683
93997
619988
79505
679692
696336
391051
622161
35202
347921
563838
670052
47138
759969
735093
914082
469171
408243
596843
474354
180101
202949
139845
525881
608435
423057
568193
154722
307889
877617
133969
143964
508443
894308
558841
979703
3684
529415
573779
614303
177573
343643
378532
427515
322404
194576
499316
385609
654594
759335
606121
614482
596091
919905
340342
474798
956556
718796
98932
755520
625120
324169
23020
786757
260385
331225