293182
70294
228652
497697
694989
391835
784148
726792
196917
172775
105014
317215
663532
18128
692908
988064
102139
806947
29450
389427
484654
421629
119006
71003
81480
952365
281098
696826
627592
765553
409637
327029
161580
978323
514795
944050
305116
690882
868223
913376
83361
794223
483479
737867
126047
292801
980860
289880
234497
860100
109520
686897
851609
779586
329603
114012
929827
514366
893268
190603
56370
895942
805858
928712
465531
325763
897108
937083
744576
442849
987161
287524
622814
426598
793292
379191
222643
475928
790636
211588
546900
34257
713835
708532
778597
14369
766403
123013
177119
618052
890757
96841
969247
342453
644218
649152
653850
418422
324947
224295
565854
235688
996637
942329
378121
275518
971940
364279
459100
693602
131970
409529
649641
974209
182873
544141
74124
11225
580317
996605
59033
562541
388917
551473
96409
271274
785962
421507
60071
350672
267460
805433
559306
589098
869411
1085
397684
547319
878316
362657
593966
692391
572352
965994
317519
740752
508252
577284
392477
667718
748814
408218
732836
681362
212106
184622
184969
955883
15813
255765
774527
72831
288786
827996
281482
928167
426773
919046
400028
328945
180416
298297
479374
625464
280978
503483
986913
503071
532930
5777
387049
492362
432365
732868
86953
847338
406381
453609
464785
188177
710924
978006
766413
708543
873247
732746
833446
806995
319987
35182
208371
717822
493029
307622
151863
88730
322690
548969
502852
481119
401395
612207
113656
453255
580890
223917
800540
227474
2189
225961
364282
939609
759817
219656
255857
122165
500549
649217
889096
382334
261738
373936
435196
201748
765438
947514
173200
406969
201927
148147
116085
138002
259865
784430
683858
76712
790201
439831
653051
287831
27071
612419
476273
272316
731330
656746
335995
736150
970970
41219
973485
137221
507577
696986
416824
288774
919113
653325
221196
169962
656665
729698
730148
622360
206481
786087
168279
795895
408449
920936
83811
48417
768351
49945
773775
500259
293567
499173
845036
598423
980560
602350
991139
854603
587366
804997
397977
387084
735407
446880
930532
18627
702369
219546
398443
460755
491501
277109
749929
549450
892567
116179
1586
588065
285833
634731
75836
600347
882836
229950
488337
699773
946338
401500
4380
840979
286724
89384
966356
934880
993248
894489
983575
681151
925929
405113
71297
500046
967499
84224
127522
630135
414721
559881
844152
799319
174495
705206
763349
873578
622599
594473
210467
541229
81481
278361
261646
400027
878469
334067
737205
780267
856839
314950
451201
259123
29614
549579
593041
99778
789559
221465
168799
783458
718746
298500
887866
393312
577188
675042
744876
856164
492417
839772
817285
951447
720526
488935
475809
556241
604069
767228
287887
811130
513351
237564
383613
763666
625013
256141
949078
574563
365466
160678
813843
556304
226601
567385
807238
154655
447327
116166
672467
480671
746893
203772
848004
154089
894559
601041
352497
28560
405084
363074
342450
835024
60620
110135
651163
901570
276981
582267
762951
886461
555909
352032
228409
895574
394808
717534
484497
446314
61590
91764
407481
487148
584620
654551
697264
85210
156416
639822
368415
454001
904610
393586
206200
709050
644837
256984
35173
111425
797585
403957
43415
587365
124670
994523
207232
996813
320900
392356
69167
964498
782610
739292
736407
84261
67126
879595
987205
960637
655876
483254
799666
861296
638727
230286
450267
719742
848252
86953
568751
849755
790047
30000
181507
11384
438821
56484
827359
402845
599866
954424
287631
743537
71673
103482
336680
860423
287815
525061
189530
93355
464856
507656
66
394521
537943
395990
846183
212949
326860
551413
127617
127149
442694
66232
197619
717223
418922
546094
351460
352406
430593
162234
2708
410770
751411
219347
992507
944930
790919
685027
497583
960887
152604
483191
929471
286728
658640
866565
550446
473719
698105
852276
270920
294394
572897
529792
238562
180569
739213
31881
381155
378775
972318
96965
23218
691422
518501
445195
60685
419096
240439
640759
948415
522680
610901
719383
932094
83582
164519
622689
539090
856176
678569
399996
332059
78608
921023
213383
324644
736474
277810
413238
260330
158409
951068
339235
163555
163491
706354
45633
186421
977379
339092
849961
794854
787483
129249
460617
764825
116991
558043
451608
292260
163412
471668
21583
759504
869376
694375
299528
346734
771733
816902
940921
728459
609576
516107
395857
553255
262630
297817
24575
269152
838518
997253
186038
127579
630736
720070
531651
875553
228739
161888
998895
728779
277363
405352
418608
707614
254877
361140
224826
313336
167272
992944
487565
823926
240983
346380
376602
196571
537028
187864
208249
678365
906667
751906
427349
747187
861947
693903
233121
931485
744117
850382
70206
390719
38692
819796
875210
877460
808019
694332
794213
847658
990531
496854
68188
37342
750416
6961
920951
782037
152297
696295
578208
719420
182526
435586
996472
286264
542080
484594
487053
597466
695562
30955
183039
877972
376677
205095
216106
607645
122577
65742
545219
934681
437840
524207
610698
714867
873368
555497
374857
742044
646348
330427
854336
349367
424472
95323
949453
581455
550932
724496
232366
564302
296283
875581
368489
532818
689087
588963
14598
215123
99317
989878
362226
918234
26812
475434
976404
711529
481673
398651
217501
562406
934282
797791
327852
142769
59697
161590
215072
295537
404521
569662
70385
827076
663896
802225
223013
374499
472072
174423
50579
586019
482135
917914
340722
748057
38715
906010
230520
294549
932139
398551
738050
341933
563265
268829
944327
507519
345333
867248
84094
789485
322468
275043
160343
213471
794058
206289
210178
283785
200039
227509
18543
16451
644188
281632
901565
476878
210866
726656
162678
296654
665181
229234
962415
602001
217417
889588
636682
150666
779595
916487
948531
244546
545376
19679
364893
162092
784101
442056
212427
437550
455538
214954
485594
303350
624027
787372
155237
7481
679003
653532
57429
519403
53453
983090
830008
346120
472692
544415
908202
794227
762903
403781
290900
34307
902218
981898
645614
750783
306661
54136
332833
993335
309147
191893
99450
85279
411729
959971
516103
89774
169676
908433
714756
386505
500481
27309
620502
369508
801758
868651
665541
141015
509025
982820
923478
346767
627714
664508
708520
974947
333312
258909
946857
23925
949350
439550
46452
433255
485031
936715
566666
567863
442625
168982
720581
847141
789298
110326
630586
818659
828887
511332
301731
90457
206200
285469
477561
56405
429720
469998
899567
275870
108202
675975
4106
701916
562424
352941
759575
691567
595462
511279
171831
877120
983166
768827
967272
529280
681073
718264
100725
913
834832
647876
29190
204410
428279
590703
142724
846254
806607
525725
350161
319038
371681
309594
580092
734285
462318
578565
876433
568600
804475
427676
843155
791254
944571
147837
424150
143006
763746
681385
391917
444026
511711
742784
462730
422990
795853
743556
656075
579967
614645
759118
372666
22460
833938
780137
677988