51575
535694
213361
614528
955356
68678
598493
298776
331154
936360
824007
102848
670899
74811
316459
496721
228550
99118
741840
393018
789215
454912
780531
828628
141196
841433
522481
556002
805537
904316
684183
724435
598194
849626
947651
688123
26678
940230
726481
990445
356047
801411
575204
742907
418375
84719
275551
942339
885321
317342
356841
751408
775210
698882
437620
405198
424012
198219
311801
200552
13881
550235
144920
975058
23420
655466
494799
589036
640605
445349
125732
186531
262280
491527
746497
430311
693437
509760
869849
481029
554958
437303
964784
222172
710287
947189
952755
120110
229487
103665
885157
152499
523410
360108
331769
438493
801207
254071
608472
560670
931155
963666
477474
81257
117817
355323
364355
424190
547758
275032
453683
119769
301604
613490
248546
390045
381948
110159
309235
190864
664627
952033
922470
120338
945163
970025
394903
53809
22650
639157
513305
971721
940144
148357
468693
209590
83602
521431
202824
278159
830698
142901
702812
477036
836329
70694
243316
756561
843398
202230
955593
670336
115450
701297
388837
804804
202025
90161
921655
772456
768065
64685
980092
711684
645500
399782
23577
249005
98121
278383
171225
48320
530124
999136
158371
397065
514207
296389
36796
760556
66871
440589
662032
873539
556557
878019
547224
731875
494551
415912
105449
797520
729050
862239
650987
836366
239588
589112
784959
71240
811979
704497
951846
751279
363231
389039
20817
814107
581381
483116
719389
48683
846944
593801
626878
54375
110699
832241
221166
335781
516782
789021
164759
72980
80562
508411
614695
463391
657530
31967
845766
44055
772466
547756
887639
72145
617365
303581
193871
866685
672137
220865
584401
995913
953860
580447
833020
332401
858347
242358
307454
292013
922071
608717
12043
22968
602982
942186
231669
917707
355521
712044
730461
582988
858130
355690
119913
322543
240838
215531
578468
261855
555973
439459
578229
476049
536851
317751
654358
869577
897268
870009
538842
100332
38897
492845
172695
541025
54193
132322
209303
127095
339155
754754
626493
953115
963345
855265
976035
648619
183752
365593
616698
889459
134668
600936
565
882227
777452
820217
712248
297031
652087
564954
496731
917773
836690
188999
953989
229363
791639
894731
927133
267677
441744
150852
865735
320804
932884
582758
607118
489052
988819
298534
85754
686387
689355
141932
454586
397432
792828
548261
981946
391815
433864
519960
873872
641656
141647
735655
864023
888115
644407
959868
12024
659423
852633
730072
655938
55480
746485
763646
875722
283054
632179
649323
141874
750835
377589
166063
47147
514996
789089
6842
149054
3662
249662
775683
987056
242593
102558
873305
280665
254600
35290
290108
163373
911660
895529
384757
62169
281373
953427
442485
493546
428388
614224
179258
614293
706560
980419
386310
838983
809116
464616
594097
215968
231745
862118
975551
539815
347495
906621
705588
370498
992579
352860
647131
228300
318577
56813
543494
238259
679287
357097
862794
409126
489366
300416
62101
549181
317138
899457
317398
544899
955355
663373
699971
358316
851431
99009
370646
635111
72581
745266
610423
257767
931510
573535
409305
526845
504738
263867
894748
908250
538347
949560
96940
445526
654865
512106
420211
3591
350224
403948
718184
483968
1150
278237
54853
31414
991046
412831
74587
38036
106385
29973
401142
443321
555808
133656
639070
427163
320585
413390
360491
97839
57764
96129
926017
188038
446328
367359
110679
89407
691810
127842
284036
779726
886325
404311
328209
326701
58626
690360
568415
688507
42763
858094
737626
473563
744104
51551
400317
170718
987946
149719
319837
115821
898591
969939
969731
121877
675777
371767
761456
267285
710479
816864
589215
810364
213593
742246
977210
578192
918679
312229
455472
463957
963903
728670
787431
859391
758501
299607
325776
947480
495547
893151
82675
785539
985479
236512
66281
19871
653818
759278
57490
890600
871667
325583
279262
908929
269067
251565
345371
218916
318940
462494
466288
192035
273331
508257
136929
245143
483831
426343
434393
221119
244515
118263
613302
926325
558437
988332
902247
580163
647649
83009
276856
999394
601919
864484
513377
313516
292766
53978
11180
887371
567130
688207
713458
913302
778921
646740
952432
827548
916916
428477
198717
304203
943890
882231
504055
84948
474590
929413
892465
313902
589070
56070
76890
364317
403145
497035
656804
367462
999126
586706
386730
783958
457716
708987
196533
393919
25900
643160
391334
24665
905822
872998
862283
183389
756129
603150
198945
517057
759933
809868
309915
682941
32488
642384
530324
780574
216884
886762
223212
969543
347503
5801
566356
277436
448665
476586
556894
888352
879856
761527
263236
394833
139119
269234
6992
594623
692615
88356
467286
418630
411094
110483
665605
487529
362926
397508
411413
611871
38554
294317
67082
274173
562686
839463
425263
761361
88203
484464
82643
152060
359749
996646
941084
805611
385141
690927
370496
348330
259168
812746
127334
407414
447090
977284
338449
504009
254030
59448
732075
584360
781715
824546
826082
641590
405401
891364
968164
760536
691575
327357
963479
704194
720916
289934
522298
852729
981238
648299
913579
904615
351549
447097
19916
254377
211082
406108
455153
372514
376080
389488
528018
830584
392323
923565
613457
838062
692819
393967
927908
287453
267801
510847
795585
340291
788079
995244
239908
529030
573039
210124
137542
198454
400966
636388
232061
865146
922136
677177
20096
734659
353994
263003
894876
183423
212994
125825
960411
486074
69067
411848
614116
448737
696432
510934
336508
894969
538354
594681
123685
143417
103707
375797
651584
714892
769590
28120
570639
511459
476981
39660
295216
621239
975337
10284
274341
720038
597254
51183
8485
764527
25733
495011
11810
301596
154312
83604
510046
254624
934257
664424
911275
489795
53199
697407
990187
814236
396054
550634
285986
312605
501764
646254
429890
89924
648329
7355
990295
555817
773804
651976
951944
358935
172373
582216
130051
960265
792333
824403
661126
620123
6715
90548
209330
266022
927521
151806
680495
307253
690965
941435
45543
966872
653811
737745
340817
112954
109854
516795
34944
888322
960770
710088
730159
661616
757023
154292
600568
952448
662194
978002
60690
19502
188070
534842
904643
742849
997989
262678
559701
280362
682412
525509
157488
732993
173382
77583
841901
714833
383465
778558
104951
291229
729971
584021
969990
221890
436701
637462
526394
825765
893156
497773
660575
70658
895089
150630
825278
682868
290484
472610
342428
170833
411473
243646
44364
661589
685432
636453
24135
360025
987395
350794
887566
258282
621166
205966
178168
446274
297921
56663
580494
4200
118804
355355
98401
994047
361972
548593
651708
509456
824711
765163
438109
91980
577722
930757
966718
76617
251365
526842
885483
590653
392563
700668
596763
997230
6321
328872
183677
548677
127196
938864
354402
894544
153803
100225
952446
875379
723359
12584
77941
725721
103457
536943
18377
408355
434739
844200
996729
306811
670794