193074
881662
336040
847670
524079
757963
963402
539408
825555
753891
346432
814151
887232
742592
794387
657238
287659
301878
845743
887594
636046
652241
17294
948323
425645
366337
510825
621547
20080
361806
14464
80248
752008
280118
271978
483809
977781
601214
535624
274146
202281
747020
366832
435760
64826
986488
503868
245756
60116
170629
676747
458782
357376
198101
317064
447086
976414
640189
84040
547289
881034
138634
7958
753196
258290
30553
838298
937902
366269
151774
876270
988645
853664
923239
170067
594305
381104
634683
456049
938139
707241
305625
640199
217303
141846
625777
931581
735884
413678
255306
963142
299624
552632
199926
365124
778214
343710
66658
292435
994982
274579
753130
349750
553984
669020
526631
206723
820955
875317
508692
950586
37299
961631
296801
884538
465183
359689
826909
47713
537076
293602
608720
206147
214435
632391
150330
444037
147999
12816
729585
770750
776072
693346
666607
351378
197367
620631
905272
67299
511435
616581
20957
118087
332404
427179
737745
287221
350690
613396
660286
311455
142529
910102
203897
517332
908661
730605
640995
518199
461131
952488
772828
301226
571187
984624
982496
476314
741387
385813
328612
807400
571525
982197
898486
401558
150639
513645
855577
92427
326339
328539
487985
621871
277875
541914
93119
197430
550804
373664
718195
882981
598835
91507
617103
66159
922346
97703
781189
938511
93281
218990
54861
522932
312575
185973
156482
287846
658956
621225
390832
798747
856906
594583
961498
175040
216769
949667
569867
343822
381436
157372
421970
212067
651733
410126
855237
914858
956579
34935
544311
239665
984187
73763
648369
175299
597008
56541
321979
289085
415837
575120
727348
296881
377427
255718
57867
758007
145148
122952
111206
300735
483710
150272
634756
163904
96607
999640
7046
126340
968934
567547
815856
88151
958404
974979
547010
666601
233831
65683
907472
174144
173054
310111
272141
257335
501212
251668
365817
292718
775488
277390
570165
359435
803865
546962
180015
238142
223154
371956
524220
422021
255484
201469
113314
567977
612649
640804
879563
164823
624142
606644
134551
450069
927419
805126
85293
768111
477851
208520
621891
629976
211060
101708
618121
708426
421733
571417
170874
882086
810745
19165
45204
228415
196338
393147
88810
557723
85313
354791
533098
679034
656637
522460
907535
93530
222550
267809
759835
222409
901222
279538
496576
593379
60191
254803
437181
633644
71250
630311
608752
847132
55182
223109
900083
189832
588645
15371
940232
399493
795723
87950
470357
884582
853117
884270
37102
532264
700623
569093
551626
456318
667499
235987
630445
273267
800520
112816
662566
968647
910961
716332
231994
795220
745458
114954
865463
931064
229605
73086
72367
817852
433394
870820
297136
198290
763998
19645
713924
876526
904135
927771
759241
136513
183159
807954
920282
570670
393255
766203
574995
794820
544530
61510
614508
155279
690509
984761
169356
70090
749474
669223
8031
88778
197292
415541
79671
103649
613819
790902
232300
400527
327657
845062
353847
397949
822990
275164
55220
991250
147434
266801
543065
391562
291246
40531
514392
229666
395981
841052
746059
480767
694574
220509
549205
458604
285090
987917
412015
726017
196747
123426
963788
273884
719593
289187
859094
731557
638099
307805
302869
689248
834178
124904
715633
436485
706533
324060
472571
550619
990978
220386
741042
805524
860301
923296
188166
812966
632425
529496
733428
657810
22088
783992
580837
543065
633940
129934
480991
121941
313921
57345
545456
761430
50955
56328
964205
455609
352453
282060
661426
486697
404828
246924
265825
218062
874130
469375
768619
595745
902157
29634
895754
33699
709790
409084
530421
362833
232044
823231
487792
435069
378226
497354
565949
791029
835831
979486
75310
523557
818222
637115
983433
99226
793835
942006
402866
436044
28625
11799
396830
978014
723624
147565
980806
855809
635959
783213
757672
477690
334359
345717
839879
55974
659124
14324
584196
641694
531734
262455
192892
213752
990709
367748
419789
248749
218041
783711
460441
983793
364448
380705
602763
276985
181905
84476
367750
568908
828358
367242
679511
953327
722203
379311
69642
776445
993078
248489
43057
501434
900705
220046
510684
798607
574949
861739
629048
951464
567980
516439
477528
704987
3363
549129
751207
624949
557074
705573
50487
885605
111921
76704
408284
158064
689516
745782
411367
932722
182909
184647
644534
176563
488165
860879
214598
699727
864650
319453
795753
985675
741440
210474
978689
525357
731249
348833
702910
888228
313458
912154
205034
861548
504257
310121
225391
994299
844621
91321
181112
793197
205802
492976
635906
635645
237164
884447
675104
188101
762701
407152
729072
748235
70215
571554
978951
465375
831102
436120
725716
836117
338897
263677
6908
220616
861160
227326
304923
379951
161978
821109
406597
196102
671317
119859
345864
803442
352642
928190
889613
334296
51679
160319
211426
360991
996871
500446
238694
902957
166046
507657
655693
559828
433997
849832
698511
930115
772116
277784
687291
979908
283943
283890
707081
437208
529397
128703
970637
604853
415691
64566
174861
208655
914356
136978
597124
27232
1496
902512
768529
86155
512344
766295
308268
141438
51395
412611
906509
25973
705812
978909
502860
187468
72527
206537
423248
407520
28372
790758
610132
258867
747805
548119
109292
331493
704209
821017
660996
638129
778461
747283
584184
895852
142397
636888
139360
572832
285010
718377
209219
687937
405642
944389
445584
355790
411152
378630
997089
980975
922971
925936
554064
822505
25143
812549
725439
373286
965925
275502
697026
629187
663179
378026
711382
858459
657763
732115
156512
924650
109307
179937
953987
564767
535215
162501
496634
279334
256411
587017
601783
652130
932327
493638
818087
984761
142788
717786
952309
104876
705914
46003
866984
86684
308861
71315
440731
408606
72153
68298
80024
765232
868548
728609
324574
349431
573863
524437
898038
925310
939822
800390
21584
423865
447987
433566
929930
110556
328999
47056
307763
597657
912809
313912
799060
104122
613276
846603
832601
401845
144449
531227
754085
829563
16056
936297
658540
604301
962153
602620
376305
415120
719592
603857
781701
945074
491918
756549
965527
534677
509475
253954
840903
673778
327982
299764
436495
388668
895504
525791
472009
877337
961706
591975
807909
938218
103469
387554
14622
836349
497385
679025
616067
255807
582368
883504
528179
898363
924514
885359
835152
105723
921608
459514
324450
606332
466045
916556
136215
117599
322700
42800
473501
70554
772163
272720
566864
166308
19998
301660
990123
822341
979112
23503
983703
821498
294999
760976
657786
637740
902609
245536
819551
980053
978744
699277
697132
69556
885363
673068
17464
44753
586847
3137
736037
675969
68246
362567
213606
262425
481689
404688
788288
184031
104637
422094
500980
84849
706294
778039
197894
76319
587477
106206
356075
665728
384440
420366
756060
339023
708557
827185
560438
856968
831518
493469
447870
359756
919581
883367
199212
317586
770674